21.47483648
20
20
18.86445812
13.6122028
11.6628127
11.62261467
11.62261467
11.62261467
11.62261467
10.78174711
10.73741824
10.73741824
10.73741824
10.73741824
10.73741824
10.73741824
10.73741824
10.73741824
10.73741824
10
10
10
10
10
10
10
8.61548912
7.74840978
7.74840978
7.74840978
7.74840978
7.74840978
7.74840978
7.74840978
7.74840978
7.74840978
7.74840978
6.61183356
6.47437127
5.36870912
5.36870912
5.36870912
5.36870912
5.36870912
5.36870912
5.36870912
5.36870912
5.36870912
5.36870912
5.36870912
5.36870912
5.36870912
5.36870912
5
5
5
5
5
5
5
5
5
5
5
5
5
5
5
5
5
5
3.87420489
3.87420489
3.87420489
3.87420489
3.87420489
3.87420489
3.87420489
3.87420489
3.87420489
3.87420489
3.87420489
3.87420489
3.87420489
3.87420489
3.87420489
3.74164613
3.08733171
2.94741436
2.76186907
2.724
2.68435456
2.68435456
2.68435456
2.68435456
2.68435456
2.68435456
2.68435456
2.68435456
2.68435456
2.68435456
2.68435456
2.68435456
2.68435456
2.68435456
2.68435456
2.68435456
2.68435456
2.68435456
2.68435456
2.68435456
2.68435456
2.68435456
2.68435456
2.68435456
2.68435456
2.68435456
2.68435456
2.66482554
2.58280326
2.58280326
2.58280326
2.58280326
2.58280326
2.58280326
2.58280326
2.58280326
2.58280326
2.58280326
2.58280326
2.58280326
2.58280326
2
2
2
2
2
2
2
2
2
2
2
2
2
2
2
2
2
2
2
2
2
1.70398976
1.61573993
1.5539445
1.52749
1.50351005
1.45758585
1.35177336
1.34217728
1.34217728
1.34217728
1.34217728
1.34217728
1.34217728
1.34217728
1.34217728
1.34217728
1.34217728
1.34217728
1.34217728
1.34217728
1.34217728
1.34217728
1.34217728
1.34217728
1.34217728
1.34217728
1.34217728
1.34217728
1.34217728
1.34217728
1.34217728
1.34217728
1.34217728
1.34217728
1.34217728
1.34217728
1.34217728
1.34217728
1.34217728
1.34217728
1.34217728
1.34217728
1.34217728
1.34217728
1.34217728
1.34217728
1.34217728
1.34217728
1.34217728
1.34217728
1.34217728
1.34217728
1.34217728
1.34217728
1.34217728
1.34217728
1.34217728
1.34217728
1.34217728
1.34217728
1.34217728
1.34217728
1.34217728
1.34217728
1.34217728
1.34217728
1.33486509
1.29140163
1.29140163
1.29140163
1.29140163
1.29140163
1.29140163
1.29140163
1.29140163
1.29140163
1.29140163
1.29140163
1.29140163
1.29140163
1.29140163
1.29140163
1.29140163
1.29140163
1.29140163
1.29140163
1.29140163
1.29140163
1.29140163
1.29140163
1.29140163
1.29140163
1.29140163
1.0239615
1
1
1
1
1
1
1
1
1
1
1
1
1
1
1
1
1
1
1
1
0.92956822
0.92043536
0.87661626
0.86093442
0.86093442
0.86093442
0.86093442
0.86093442
0.86093442
0.86093442
0.86093442
0.86093442
0.86093442
0.86093442
0.86093442
0.86093442
0.86093442
0.86093442
0.86093442
0.86093442
0.86093442
0.86093442
0.86093442
0.86093442
0.86093442
0.86093442
0.86093442
0.86093442
0.86093442
0.86093442
0.86093442
0.86093442
0.86093442
0.86093442
0.86093442
0.86093442
0.86093442
0.86093442
0.85605374
0.8134
0.78327281
0.67108864
0.67108864
0.67108864
0.67108864
0.67108864
0.67108864
0.67108864
0.67108864
0.67108864
0.67108864
0.67108864
0.67108864
0.67108864
0.67108864
0.67108864
0.67108864
0.67108864
0.67108864
0.67108864
0.67108864
0.67108864
0.67108864
0.67108864
0.67108864
0.67108864
0.67108864
0.67108864
0.67108864
0.67108864
0.67108864
0.67108864
0.67108864
0.67108864
0.67108864
0.67108864
0.67108864
0.67108864
0.67108864
0.67108864
0.67108864
0.67108864
0.67108864
0.64071191
0.60393451
0.56286
0.5
0.5
0.5
0.5
0.5
0.5
0.5
0.5
0.5
0.5
0.5
0.5
0.5
0.5
0.5
0.5
0.5
0.5
0.5
0.5
0.5
0.5
0.5
0.5
0.5
0.5
0.5
0.5
0.5
0.5
0.5
0.5
0.5
0.5
0.5
0.5
0.5
0.5
0.5
0.5
0.5
0.5
0.5
0.5
0.5
0.5
0.5
0.5
0.5
0.5
0.5
0.5
0.5
0.5
0.5
0.5
0.5
0.5
0.5
0.5
0.5
0.5
0.5
0.5
0.5
0.5
0.5
0.5
0.5
0.5
0.5
0.5
0.5
0.5
0.5
0.49235904
0.46
0.43046721
0.43046721
0.43046721
0.43046721
0.43046721
0.43046721
0.43046721
0.43046721
0.43046721
0.43046721
0.43046721
0.43046721
0.43046721
0.43046721
0.43046721
0.43046721
0.43046721
0.43046721
0.43046721
0.43046721
0.43046721
0.43046721
0.43046721
0.43046721
0.43046721
0.43046721
0.43046721
0.43046721
0.43046721
0.43046721
0.43046721
0.43046721
0.43046721
0.43046721
0.43046721
0.43046721
0.43046721
0.43046721
0.43046721
0.43046721
0.43046721
0.43046721
0.43046721
0.43046721
0.43046721
0.43046721
0.43046721
0.43046721
0.43046721
0.43046721
0.43046721
0.43046721
0.43046721
0.43046721
0.43046721
0.43046721
0.41594244
0.35956539
0.35502506
0.34896534
0.34067408
0.33554432
0.33554432
0.33554432
0.33554432
0.33554432
0.33554432
0.33554432
0.33554432
0.33554432
0.33554432
0.33554432
0.33554432
0.33554432
0.33554432
0.33554432
0.33554432
0.33554432
0.33554432
0.33554432
0.33554432
0.33554432
0.33554432
0.33554432
0.33554432
0.33554432
0.33554432
0.33554432
0.33554432
0.33554432
0.33554432
0.33554432
0.33554432
0.33554432
0.33554432
0.33554432
0.33554432
0.33554432
0.33554432
0.33554432
0.33554432
0.33554432
0.33554432
0.33554432
0.33554432
0.33554432
0.33554432
0.33554432
0.33554432
0.33554432
0.33554432
0.33554432
0.33554432
0.33554432
0.33554432
0.33554432
0.33554432
0.33554432
0.33554432
0.33554432
0.33554432
0.33554432
0.33554432
0.33554432
0.33554432
0.33554432
0.33554432
0.33554432
0.33554432
0.33554432
0.33554432
0.33554432
0.33554432
0.32301582
0.3089692
0.30263626
0.3
0.28952963
0.28906278
0.28697814
0.28697814
0.28697814
0.28697814
0.28697814
0.28697814
0.28697814
0.28697814
0.28697814
0.28697814
0.28697814
0.28697814
0.28697814
0.28697814
0.28697814
0.28697814
0.28697814
0.28697814
0.28697814
0.28697814
0.28697814
0.28697814
0.28697814
0.28697814
0.28697814
0.28697814
0.28697814
0.28697814
0.28697814
0.28697814
0.28697814
0.28697814
0.28697814
0.28697814
0.28697814
0.28697814
0.28697814
0.28697814
0.28697814
0.28697814
0.28697814
0.28697814
0.28697814
0.28697814
0.28697814
0.28697814
0.28697814
0.28697814
0.28697814
0.28697814
0.28697814
0.28697814
0.28697814
0.28697814
0.28697814
0.28697814
0.28697814
0.28697814
0.28697814
0.28697814
0.28697814
0.28697814
0.28697814
0.28697814
0.28697814
0.28697814
0.28697814
0.28697814
0.28697814
0.28697814
0.28697814
0.28697814
0.28697814
0.28697814
0.28697814
0.28697814
0.28697814
0.28697814
0.28697814
0.28697814
0.28427533
0.24370656
0.2124788
0.20959575
0.20252937
0.20078434
0.2
0.2
0.2
0.2
0.2
0.2
0.2
0.2
0.2
0.2
0.2
0.2
0.2
0.2
0.2
0.2
0.2
0.2
0.2
0.2
0.2
0.2
0.2
0.2
0.2
0.2
0.2
0.2
0.2
0.2
0.2
0.2
0.2
0.2
0.2
0.2
0.2
0.2
0.2
0.2
0.2
0.2
0.2
0.2
0.2
0.2
0.2
0.2
0.2
0.2
0.2
0.2
0.2
0.2
0.2
0.2
0.2
0.2
0.2
0.2
0.2
0.2
0.2
0.2
0.2
0.2
0.2
0.2
0.2
0.2
0.2
0.2
0.2
0.2
0.2
0.2
0.2
0.2
0.2
0.2
0.2
0.2
0.2
0.2
0.2
0.2
0.2
0.2
0.2
0.2
0.2
0.2
0.2
0.2
0.2
0.2
0.2
0.2
0.2
0.2
0.2
0.2
0.2
0.2
0.2
0.2
0.2
0.2
0.2
0.2
0.2
0.2
0.2
0.2
0.2
0.2
0.2
0.2
0.2
0.2
0.2
0.2
0.2
0.2
0.2
0.2
0.2
0.2
0.2
0.2
0.2
0.2
0.2
0.2
0.2
0.2
0.2
0.2
0.2
0.2
0.2
0.2
0.2
0.2
0.2
0.2
0.2
0.2
0.2
0.2
0.2
0.2
0.2
0.2
0.2
0.2
0.2
0.2
0.2
0.2
0.2
0.2
0.19374434
0.18726443
0.18692542
0.17638
0.1715623
0.17049606
0.17
0.16777216
0.16777216
0.16777216
0.16777216
0.16777216
0.16777216
0.16777216
0.16777216
0.16777216
0.16777216
0.16777216
0.16777216
0.16777216
0.16777216
0.16777216
0.16777216
0.16777216
0.16777216
0.16777216
0.16777216
0.16777216
0.16777216
0.16777216
0.16777216
0.16777216
0.16777216
0.16777216
0.16777216
0.16777216
0.16777216
0.16777216
0.16777216
0.16777216
0.16777216
0.16777216
0.16777216
0.16777216
0.16777216
0.16777216
0.16777216
0.16777216
0.16777216
0.16777216
0.16777216
0.16777216
0.16777216
0.16777216
0.16777216
0.16777216
0.16777216
0.16777216
0.16777216
0.16777216
0.16777216
0.16777216
0.16777216
0.16777216
0.16777216
0.16777216
0.16777216
0.16777216
0.16777216
0.16777216
0.16777216
0.16777216
0.16777216
0.16777216
0.16777216
0.16777216
0.16777216
0.16777216
0.16777216
0.16777216
0.16777216
0.16777216
0.16777216
0.16777216
0.16777216
0.16777216
0.16777216
0.16777216
0.16777216
0.16777216
0.16611218
0.15995176
0.15739691
0.15487365
0.15
0.144
0.14348907
0.14348907
0.14348907
0.14348907
0.14348907
0.14348907
0.14348907
0.14348907
0.14348907
0.14348907
0.14348907
0.14348907
0.14348907
0.14348907
0.14348907
0.14348907
0.14348907
0.14348907
0.14348907
0.14348907
0.14348907
0.14348907
0.14348907
0.14348907
0.14348907
0.14348907
0.14348907
0.14348907
0.14348907
0.14348907
0.14348907
0.14348907
0.14348907
0.14348907
0.14348907
0.14348907
0.14348907
0.14348907
0.14348907
0.14348907
0.14348907
0.14348907
0.14348907
0.14348907
0.14348907
0.14348907
0.14348907
0.14348907
0.14348907
0.14348907
0.14348907
0.14348907
0.14348907
0.14348907
0.14348907
0.14348907
0.14348907
0.14348907
0.14348907
0.14348907
0.14348907
0.14348907
0.14348907
0.14348907
0.14348907
0.14348907
0.14348907
0.14348907
0.14348907
0.14348907
0.14348907
0.14348907
0.14348907
0.14348907
0.14348907
0.14348907
0.14348907
0.14348907
0.14348907
0.14348907
0.14348907
0.14348907
0.14348907
0.14348907
0.14348907
0.14348907
0.14348907
0.14348907
0.14348907
0.14348907
0.14348907
0.14348907
0.14348907
0.14348907
0.14348907
0.14348907
0.14348907
0.14348907
0.13648038
0.13234004
0.13099796
0.13014976
0.13
0.12771363
0.12
0.11934065
0.11907867
0.11729697
0.11243919
0.10934358
0.10934155
0.10922926
0.1083688
0.10830965
0.10823379
0.10809825
0.10526249
0.1050505
0.10281602
0.10268759
0.10226364
0.102
0.1017657
0.10154632
0.10097374
0.10045428
0.10017463
0.1
0.1
0.1
0.1
0.1
0.1
0.1
0.1
0.1
0.1
0.1
0.1
0.1
0.1
0.1
0.1
0.1
0.1
0.1
0.1
0.1
0.1
0.1
0.1
0.1
0.1
0.1
0.1
0.1
0.1
0.1
0.1
0.1
0.1
0.1
0.1
0.1
0.1
0.1
0.1
0.1
0.1
0.1
0.1
0.1
0.1
0.1
0.1
0.1
0.1
0.1
0.1
0.1
0.1
0.1
0.1
0.1
0.1
0.1
0.1
0.1
0.1
0.1
0.1
0.1
0.1
0.1
0.1
0.1
0.1
0.1
0.1
0.1
0.1
0.1
0.1
0.1
0.1
0.1
0.1
0.1
0.1
0.1
0.1
0.1
0.1
0.1
0.1
0.1
0.1
0.1
0.1
0.1
0.1
0.1
0.1
0.1
0.1
0.1
0.1
0.1
0.1
0.1
0.1
0.1
0.1
0.1
0.1
0.1
0.1
0.1
0.1
0.1
0.1
0.1
0.1
0.1
0.1
0.1
0.1
0.1
0.1
0.1
0.1
0.1
0.1
0.1
0.1
0.1
0.1
0.1
0.1
0.1
0.1
0.1
0.1
0.1
0.1
0.1
0.1
0.1
0.1
0.1
0.1
0.1
0.1
0.1
0.1
0.1
0.1
0.1
0.1
0.1
0.1
0.1
0.1
0.1
0.1
0.1
0.1
0.1
0.1
0.1
0.1
0.1
0.1
0.1
0.1
0.1
0.1
0.1
0.1
0.1
0.1
0.1
0.1
0.1
0.1
0.1
0.1
0.1
0.1
0.1
0.1
0.1
0.1
0.1
0.1
0.1
0.1
0.1
0.1
0.1
0.1
0.1
0.1
0.1
0.1
0.1
0.1
0.1
0.1
0.1
0.1
0.1
0.1
0.1
0.1
0.1
0.1
0.1
0.1
0.1
0.1
0.1
0.1
0.1
0.1
0.1
0.1
0.1
0.1
0.1
0.09999889
0.09788327
0.09565938
0.09565938
0.09565938
0.09565938
0.09565938
0.09565938
0.09565938
0.09565938
0.09565938
0.09565938
0.09565938
0.09565938
0.09565938
0.09565938
0.09565938
0.09565938
0.09565938
0.09565938
0.09565938
0.09565938
0.09565938
0.09565938
0.09565938
0.09565938
0.09565938
0.09565938
0.09565938
0.09565938
0.09565938
0.09565938
0.09565938
0.09565938
0.09565938
0.09565938
0.09565938
0.09565938
0.09565938
0.09565938
0.09565938
0.09565938
0.09565938
0.09565938
0.09565938
0.09565938
0.09565938
0.09565938
0.09565938
0.09565938
0.09565938
0.09565938
0.09565938
0.09565938
0.09565938
0.09565938
0.09565938
0.09565938
0.09565938
0.09565938
0.0956157
0.09378613
0.09303833
0.08852018
0.08388608
0.08388608
0.08388608
0.08388608
0.08388608
0.08388608
0.08388608
0.08388608
0.08388608
0.08388608
0.08388608
0.08388608
0.08388608
0.08388608
0.08388608
0.08388608
0.08388608
0.08388608
0.08388608
0.08388608
0.08388608
0.08388608
0.08388608
0.08388608
0.08388608
0.08388608
0.08388608
0.08388608
0.08159
0.081
0.07646489
0.07578318
0.07419052
0.07202604
0.07200503
0.07088578
0.07069815
0.06868224
0.06857042
0.06818382
0.06775101
0.0677451
0.06774234
0.0673153
0.0664643
0.06294017
0.06293617
0.06165693
0.06127697
0.06077919
0.06032445
0.0599944
0.05961825
0.0577207
0.05736846
0.05625082
0.05621
0.05528
0.05335493
0.05239861
0.05127875
0.05083827
0.05058128
0.05
0.05
0.05
0.05
0.05
0.05
0.05
0.05
0.05
0.05
0.05
0.05
0.05
0.05
0.05
0.05
0.05
0.05
0.05
0.05
0.05
0.05
0.05
0.05
0.05
0.05
0.05
0.05
0.05
0.05
0.05
0.05
0.05
0.05
0.05
0.05
0.05
0.05
0.05
0.05
0.05
0.05
0.05
0.05
0.05
0.05
0.05
0.05
0.05
0.05
0.05
0.05
0.05
0.05
0.05
0.05
0.05
0.05
0.05
0.05
0.05
0.05
0.05
0.05
0.05
0.05
0.05
0.05
0.05
0.05
0.05
0.05
0.05
0.05
0.05
0.05
0.05
0.05
0.05
0.05
0.05
0.05
0.05
0.05
0.05
0.05
0.05
0.05
0.05
0.05
0.05
0.05
0.05
0.05
0.05
0.05
0.05
0.05
0.05
0.05
0.05
0.05
0.05
0.05
0.05
0.05
0.05
0.05
0.05
0.05
0.05
0.05
0.05
0.05
0.05
0.05
0.05
0.05
0.05
0.05
0.05
0.05
0.05
0.05
0.05
0.05
0.05
0.05
0.05
0.05
0.05
0.05
0.05
0.05
0.05
0.05
0.05
0.05
0.05
0.05
0.05
0.05
0.05
0.05
0.05
0.05
0.05
0.05
0.05
0.05
0.05
0.05
0.05
0.05
0.05
0.05
0.05
0.05
0.05
0.05
0.05
0.05
0.05
0.05
0.05
0.05
0.05
0.05
0.05
0.05
0.05
0.05
0.05
0.05
0.05
0.05
0.05
0.05
0.05
0.05
0.05
0.05
0.05
0.05
0.05
0.05
0.05
0.05
0.05
0.05
0.05
0.05
0.05
0.05
0.05
0.05
0.05
0.05
0.05
0.05
0.05
0.05
0.05
0.05
0.05
0.05
0.05
0.05
0.05
0.05
0.05
0.05
0.05
0.05
0.05
0.05
0.05
0.05
0.05
0.05
0.05
0.05
0.05
0.05
0.05
0.05
0.04963076
0.04833952
0.04785159
0.04782969
0.04782969
0.04782969
0.04782969
0.04782969
0.04782969
0.04782969
0.04782969
0.04782969
0.04782969
0.04782969
0.04782969
0.04782969
0.04782969
0.04782969
0.04782969
0.04782969
0.04782969
0.04782969
0.04782969
0.04782969
0.04782969
0.04782969
0.04782969
0.04782969
0.04782969
0.04782969
0.04782969
0.04782969
0.04782969
0.04782969
0.04782969
0.04782969
0.04782969
0.04782969
0.04782969
0.04782969
0.04782969
0.04782969
0.04782969
0.04782969
0.04782969
0.04782969
0.04782969
0.04782969
0.04782969
0.04782969
0.04782969
0.04782969
0.04782969
0.04782969
0.04782969
0.04782969
0.04782969
0.04782969
0.04782969
0.04782969
0.04782969
0.04782969
0.04782969
0.04782969
0.04782969
0.04782969
0.04782969
0.04782969
0.04782969
0.04782969
0.04782969
0.04782969
0.04782969
0.04782969
0.04782969
0.04782969
0.04782969
0.04782969
0.04782969
0.04782969
0.04782969
0.04782969
0.04782969
0.04782969
0.04782969
0.04782969
0.04782969
0.04782969
0.04782969
0.04782969
0.04782969
0.04782969
0.04782969
0.04782969
0.04782969
0.04700347
0.04560626
0.04503465
0.045
0.04393115
0.04212589
0.04194304
0.04194304
0.04194304
0.04194304
0.04194304
0.04194304
0.04194304
0.04194304
0.04194304
0.04194304
0.04194304
0.04194304
0.04194304
0.04194304
0.04194304
0.04194304
0.04194304
0.04194304
0.04194304
0.0416648
0.04155714
0.04135252
0.0396
0.03955352
0.03870908
0.03726074
0.036
0.03578312
0.03560106
0.03538263
0.03444582
0.03405545
0.03387325
0.03321402
0.0331031
0.0330937
0.03262
0.03244612
0.03188646
0.03188646
0.03188646
0.03188646
0.03188646
0.03188646
0.03188646
0.03188646
0.03188646
0.03188646
0.03188646
0.03188646
0.03188646
0.03188646
0.03188646
0.03188646
0.03188646
0.03188646
0.03188646
0.03188646
0.03188646
0.03188646
0.03188646
0.03188646
0.03188646
0.03188646
0.03188646
0.03188646
0.03188646
0.03188646
0.03188646
0.03188646
0.03188646
0.03188646
0.03188646
0.03188646
0.03188646
0.03188646
0.03188646
0.03188646
0.03188646
0.03188646
0.03188646
0.03188646
0.03188646
0.03188646
0.03188646
0.03188646
0.03188646
0.03188646
0.03188646
0.03188646
0.03188646
0.03188646
0.03188646
0.03188646
0.03188646
0.03188646
0.03188646
0.03188646
0.03188646
0.03188646
0.03188646
0.03188646
0.03188646
0.03188646
0.03188646
0.03188646
0.03188646
0.03188646
0.03188646
0.03188646
0.03188646
0.03188646
0.03188646
0.03188646
0.03188646
0.03188646
0.03188646
0.03188646
0.03188646
0.03188646
0.03188646
0.03188646
0.03188646
0.03188646
0.03188646
0.03188646
0.03188646
0.03188646
0.03188646
0.03188646
0.03188646
0.03188646
0.03188646
0.03188646
0.03188646
0.03188646
0.03188646
0.03188646
0.03188646
0.03188646
0.03188646
0.03188646
0.03188646
0.03188646
0.03188646
0.03188646
0.03188646
0.03188646
0.03188646
0.03188646
0.03188646
0.03188646
0.03188646
0.03188646
0.03188646
0.03188646
0.03188646
0.03188646
0.03188646
0.03188646
0.03188646
0.03188646
0.03188646
0.03188646
0.03188646
0.03188646
0.03188646
0.03188646
0.03188646
0.03188646
0.03188646
0.03188646
0.03188646
0.03188646
0.03188646
0.03188646
0.03188646
0.03188646
0.03188646
0.03188646
0.03188646
0.03188646
0.03188646
0.03188646
0.03188646
0.03188646
0.03188646
0.03188646
0.03188646
0.03188646
0.03188646
0.03188646
0.03188646
0.03188646
0.03188646
0.03188646
0.03188646
0.03188646
0.03188646
0.03188646
0.03188646
0.03188646
0.03188646
0.03188646
0.03188646
0.03188646
0.03188646
0.03188646
0.03188646
0.03188646
0.03188646
0.03188646
0.03188646
0.03188646
0.03188646
0.03188646
0.03188646
0.03188646
0.03188646
0.03188646
0.03188646
0.03188646
0.03188646
0.03188646
0.03188646
0.03188646
0.03188646
0.03188646
0.03188646
0.03188646
0.03188646
0.03188646
0.03188646
0.03188646
0.03188646
0.03188646
0.03188646
0.03188646
0.03188646
0.03188646
0.03188646
0.03188646
0.03188646
0.03188646
0.03188646
0.03188646
0.03188646
0.03188646
0.03188646
0.03188646
0.03188646
0.03188646
0.03188646
0.03188646
0.03188646
0.03188646
0.03188646
0.03188646
0.03188646
0.03188646
0.03188646
0.03188646
0.03188646
0.03188646
0.03188646
0.03188646
0.03188646
0.03188646
0.03188646
0.03188646
0.03188646
0.03188646
0.03188646
0.03188646
0.03188646
0.03188646
0.03188646
0.03188646
0.03188646
0.03188646
0.03188646
0.03188646
0.03188646
0.03188646
0.03188646
0.03188646
0.03141483
0.03117457
0.03057268
0.03033893
0.02862211
0.02859048
0.02853641
0.02692613
0.02652136
0.02640354
0.0263
0.02628761
0.025896
0.02520554
0.02451968
0.02444232
0.02417606
0.02357547
0.02343
0.02329237
0.02314149
0.02263887
0.02230844
0.02229
0.02198146
0.02177596
0.02175252
0.02173376
0.02148255
0.02097152
0.02097152
0.02097152
0.02097152
0.02097152
0.02097152
0.02097152
0.02097152
0.02097152
0.02097152
0.02097152
0.02097152
0.02097152
0.02097152
0.02097152
0.02097152
0.02097152
0.02097152
0.02097152
0.02097152
0.02097152
0.02097152
0.02097152
0.02097152
0.02097152
0.02097152
0.02097152
0.02097152
0.02097152
0.02097152
0.02097152
0.02097152
0.02097152
0.02097152
0.02097152
0.02097152
0.02097152
0.02097152
0.02097152
0.02097152
0.02097152
0.02097152
0.02097152
0.02097152
0.02097152
0.02097152
0.02097152
0.02097152
0.02097152
0.02097152
0.02097152
0.02097152
0.02097152
0.02097152
0.02097152
0.02097152
0.02097152
0.02097152
0.02097152
0.02097152
0.02097152
0.02097152
0.02097152
0.02097152
0.02097152
0.02097152
0.02097152
0.02097152
0.02097152
0.02097152
0.02097152
0.02097152
0.02097152
0.02097152
0.02097152
0.02097152
0.02097152
0.02097152
0.02097152
0.02097152
0.02097152
0.02097152
0.02097152
0.02097152
0.02097152
0.02097152
0.02097152
0.02097152
0.02097152
0.02097152
0.02097152
0.02097152
0.02097152
0.02097152
0.02097152
0.02097152
0.02097152
0.02097152
0.02097152
0.02097152
0.02097152
0.02097152
0.02097152
0.02097152
0.02097152
0.02097152
0.02097152
0.02097152
0.02097152
0.02097152
0.02097152
0.02097152
0.02097152
0.02097152
0.02097152
0.02097152
0.02097152
0.02097152
0.02097152
0.02097152
0.02097152
0.02097152
0.02097152
0.02097152
0.02097152
0.02097152
0.02097152
0.02097152
0.02097152
0.02097152
0.02097152
0.02097152
0.02097152
0.02097152
0.02097152
0.02097152
0.02097152
0.02097152
0.02097152
0.02097152
0.02097152
0.02097152
0.02097152
0.02097152
0.02097152
0.02097152
0.02097152
0.02097152
0.02097152
0.02097152
0.02097152
0.02097152
0.02097152
0.02097152
0.02097152
0.02097152
0.02097152
0.02097152
0.02097152
0.02097152
0.02097152
0.02097152
0.02097152
0.02097152
0.02097152
0.02097152
0.02097152
0.02097152
0.02097152
0.02097152
0.02097152
0.02097152
0.02097152
0.02097152
0.02097152
0.02097152
0.02097152
0.02097152
0.02097152
0.02097152
0.02097152
0.02097152
0.02097152
0.02097152
0.02097152
0.02097152
0.02097152
0.02097152
0.02097152
0.02097152
0.02097152
0.02097152
0.02097152
0.02097152
0.02097152
0.02097152
0.02097152
0.02097152
0.02097152
0.02097152
0.02097152
0.02097152
0.02097152
0.02097152
0.02097152
0.02097152
0.02097152
0.02097152
0.02097152
0.02097152
0.02097152
0.02097152
0.02097152
0.02097152
0.02097152
0.02097152
0.02097152
0.02097152
0.02097152
0.02097152
0.02097152
0.02097152
0.02097152
0.02097152
0.02097152
0.02097152
0.02097152
0.02097152
0.02097152
0.02097152
0.02097152
0.02097152
0.02097152
0.02097152
0.02097152
0.02097152
0.02097152
0.02097152
0.02097152
0.02097152
0.02097152
0.02097152
0.02097152
0.02097152
0.02097152
0.02097152
0.02097152
0.02097152
0.02097152
0.02097152
0.02097152
0.02097152
0.02097152
0.02097152
0.02097152
0.02097152
0.02097152
0.02097152
0.02097152
0.02097152
0.02097152
0.02097152
0.02097152
0.02097152
0.02097152
0.02097152
0.02097152
0.02097152
0.02097152
0.02097152
0.02097152
0.02097152
0.02097152
0.02097152
0.02097152
0.02097152
0.02097152
0.02097152
0.02097152
0.02097152
0.02097152
0.02097152
0.02097152
0.02097152
0.02097152
0.02097152
0.02097152
0.02097152
0.02097152
0.02097152
0.02097152
0.02097152
0.02097152
0.02097152
0.02097152
0.02097152
0.02097152
0.02097152
0.02097152
0.02097152
0.02097152
0.02097152
0.02097152
0.02097152
0.02097152
0.02097152
0.02097152
0.02097152
0.02097152
0.02097152
0.02097152
0.02097152
0.02097152
0.02097152
0.02097152
0.02097152
0.02097152
0.02097152
0.02097152
0.02097152
0.02097152
0.02097152
0.02097152
0.02097152
0.02097152
0.02097152
0.02097152
0.02097152
0.02097152
0.02097152
0.02097152
0.02097152
0.02097152
0.02097152
0.02097152
0.02097152
0.02097152
0.02097152
0.02097152
0.02097152
0.02097152
0.02097152
0.02097152
0.02097152
0.02097152
0.02097152
0.02097152
0.02097152
0.02097152
0.02097152
0.02097152
0.02097152
0.02097152
0.02097152
0.02097152
0.02097152
0.02097152
0.02097152
0.02097152
0.02097152
0.02097152
0.02097152
0.02097152
0.02097152
0.02097152
0.02097152
0.02097152
0.02097152
0.02097152
0.02097152
0.02097152
0.02097152
0.02097152
0.02097152
0.02097152
0.02097152
0.02097152
0.02097152
0.02097152
0.02097152
0.02097152
0.02097152
0.02097152
0.02097152
0.02097152
0.02097152
0.02097152
0.02097152
0.02097152
0.02097152
0.02097152
0.02097152
0.02097152
0.02097152
0.02097152
0.02097152
0.02097152
0.02097152
0.02093237
0.02085693
0.02081552
0.02060023
0.02
0.02
0.02
0.02
0.02
0.02
0.02
0.02
0.02
0.02
0.02
0.02
0.02
0.02
0.02
0.02
0.02
0.02
0.02
0.02
0.02
0.02
0.02
0.02
0.02
0.02
0.02
0.02
0.02
0.02
0.02
0.02
0.02
0.02
0.02
0.01999328
0.01998438
0.01998257
0.01996475
0.01969585
0.01955503
0.01941199
0.01892175
0.01884449
0.01882925
0.01849571
0.01842896
0.01834312
0.01824376
0.0180834
0.01778089
0.01711544
0.01707818
0.01698755
0.01665912
0.01617193
0.016
0.01598288
0.0159718
0.01594323
0.01594323
0.01594323
0.01594323
0.01594323
0.01594323
0.01594323
0.01594323
0.01594323
0.01594323
0.01594323
0.01594323
0.01594323
0.01594323
0.01594323
0.01594323
0.01594323
0.01594323
0.01594323
0.01594323
0.01594323
0.01594323
0.01594323
0.01594323
0.01594323
0.01594323
0.01594323
0.01594323
0.01594323
0.01594323
0.01594323
0.01594323
0.01594323
0.01594323
0.01594323
0.01594323
0.01594323
0.01594323
0.01594323
0.01594323
0.01594323
0.01594323
0.01594323
0.01594323
0.01594323
0.01594323
0.01594323
0.01594323
0.01594323
0.01594323
0.01594323
0.01594323
0.01594323
0.01594323
0.01594323
0.01594323
0.01594323
0.01594323
0.01594323
0.01594323
0.01594323
0.01594323
0.01594323
0.01594323
0.01594323
0.01594323
0.01594323
0.01594323
0.01594323
0.01594323
0.01594323
0.01594323
0.01594323
0.01594323
0.01594323
0.01594323
0.01594323
0.01594323
0.01594323
0.01594323
0.01594323
0.01594323
0.01594323
0.01594323
0.01594323
0.01594323
0.01594323
0.01594323
0.01594323
0.01594323
0.01594323
0.01594323
0.01594323
0.01594323
0.01594323
0.01594323
0.01594323
0.01594323
0.01594323
0.01594323
0.01594323
0.01594323
0.01594323
0.01594323
0.01594323
0.01594323
0.01594323
0.01594323
0.01594323
0.01594323
0.01594323
0.01594323
0.01594323
0.01594323
0.01594323
0.01594323
0.01594323
0.01594323
0.01594323
0.01594323
0.01594323
0.01594323
0.01594323
0.01594323
0.01594323
0.01594323
0.01594323
0.01594323
0.01594323
0.01594323
0.01594323
0.01594323
0.01594323
0.01594323
0.01594323
0.01594323
0.01593909
0.01571927
0.01560156
0.01540998
0.01530333
0.01516765
0.01489165
0.0148172
0.01473549
0.01469831
0.01461374
0.01444245
0.014214
0.01405161
0.01396
0.01384801
0.013649
0.01358696
0.01333773
0.01324222
0.01318883
0.01316462
0.013
0.012662
0.01228183
0.01201582
0.01187096
0.01186212
0.01157816
0.01141563
0.01131108
0.01124126
0.01109895
0.01104357
0.01091036
0.01082636
0.01080919
0.01075834
0.01062882
0.01062882
0.01062882
0.01062882
0.01062882
0.01062882
0.01062882
0.01062882
0.01062882
0.01062882
0.01062882
0.01062882
0.01062882
0.01062882
0.01062882
0.01062882
0.01062882
0.01062882
0.01062882
0.01062882
0.01062882
0.01062882
0.01062882
0.01062882
0.01062882
0.01062882
0.01062882
0.01062882
0.01062882
0.01062882
0.01062882
0.01062882
0.01062882
0.01062882
0.01062882
0.01062882
0.01062882
0.01062882
0.01062882
0.01062882
0.01062882
0.01062882
0.01062882
0.01062882
0.01062882
0.01062882
0.01062882
0.01062882
0.01062882
0.01062882
0.01062882
0.01062882
0.01062882
0.01062882
0.01062882
0.01062882
0.01062882
0.01062882
0.01062882
0.01062882
0.01062882
0.01062882
0.01062882
0.01062882
0.01062882
0.01062882
0.01062882
0.01062882
0.01062882
0.01062882
0.01062882
0.01062882
0.01062882
0.01062882
0.01062882
0.01062882
0.01062882
0.01062882
0.01062882
0.01062882
0.01062882
0.01062882
0.01062882
0.01062882
0.01062882
0.01062882
0.01062882
0.01062882
0.01062882
0.01062882
0.01062882
0.01062882
0.01062882
0.01062882
0.01062882
0.01062882
0.01062882
0.01062882
0.01062882
0.01062882
0.01062882
0.01062882
0.01062882
0.01062882
0.01062882
0.01062882
0.01062882
0.01062882
0.01062882
0.01062882
0.01062882
0.01062882
0.01062882
0.01062882
0.01062882
0.01062882
0.01062882
0.01062882
0.01062882
0.01062882
0.01062882
0.01062882
0.01062882
0.01062882
0.01062882
0.01062882
0.01062882
0.01062882
0.01062882
0.01062882
0.01062882
0.01062882
0.01062882
0.01062882
0.01062882
0.01062882
0.01062882
0.01062882
0.01062882
0.01062882
0.01062882
0.01062882
0.01062882
0.01062882
0.01062882
0.01062882
0.01062882
0.01062882
0.01062882
0.01062882
0.01062882
0.01062882
0.01062882
0.01062882
0.01062882
0.01062882
0.01062882
0.01062882
0.01062882
0.01062882
0.01062882
0.01062882
0.01062882
0.01062882
0.01062882
0.01062882
0.01062882
0.01062882
0.01062882
0.01062882
0.01062882
0.01062882
0.01062882
0.01062882
0.01062882
0.01062882
0.01062882
0.01062882
0.01062882
0.01062882
0.01062882
0.01062882
0.01062882
0.01062882
0.01062882
0.01062882
0.01062882
0.01062882
0.01062882
0.01062882
0.01062882
0.01062882
0.01062882
0.01062882
0.01062882
0.01062882
0.01062882
0.01062882
0.01062882
0.01062882
0.01062882
0.01062882
0.01062882
0.01062882
0.01062882
0.01062882
0.01062882
0.01062882
0.01062882
0.01062882
0.01062882
0.01062882
0.01062882
0.01062882
0.01062882
0.01062882
0.01062882
0.01062882
0.01062882
0.01062882
0.01062882
0.01062882
0.01062882
0.01062882
0.01062882
0.01062882
0.01062882
0.01062882
0.01062882
0.01062882
0.01062882
0.01062882
0.01062882
0.01062882
0.01062882
0.01062882
0.01062882
0.01062882
0.01062882
0.01062882
0.01062882
0.01062882
0.01062882
0.01062882
0.01062882
0.01062882
0.01062882
0.01062882
0.01062882
0.01062882
0.01062882
0.01062882
0.01062882
0.01062882
0.01062882
0.01062882
0.01062882
0.01062882
0.01062882
0.01062882
0.01062882
0.01062882
0.01062882
0.01062882
0.01062882
0.01062882
0.01062882
0.01062882
0.01062882
0.01062882
0.01062882
0.01062882
0.01062882
0.01062882
0.01062882
0.01062882
0.01062882
0.01062882
0.01062882
0.01062882
0.01062882
0.01062882
0.01062882
0.01062882
0.01062882
0.01062882
0.01062882
0.01062882
0.01062882
0.01062882
0.01062882
0.01062882
0.01062882
0.01062882
0.01062882
0.01062882
0.01062882
0.01062882
0.01062882
0.01062882
0.01062882
0.01062882
0.01062882
0.01062882
0.01062882
0.01062882
0.01062882
0.01062882
0.01062882
0.01062882
0.01062882
0.01062882
0.01062882
0.01062882
0.01062882
0.01062882
0.01062882
0.01062882
0.01062882
0.01062882
0.01062882
0.01062882
0.01062882
0.01062882
0.01062882
0.01062882
0.01062882
0.01062882
0.01062882
0.01062882
0.01062882
0.01062882
0.01062882
0.01062882
0.01062882
0.01062882
0.01062882
0.01062882
0.01062882
0.01062882
0.01062882
0.01062882
0.01062882
0.01062882
0.01062882
0.01062882
0.01062882
0.01062882
0.01062882
0.01062882
0.01062882
0.01062882
0.01062882
0.01062882
0.01062882
0.01062882
0.01062882
0.01062882
0.01062882
0.01062882
0.01062882
0.01062882
0.01062882
0.01062882
0.01062882
0.01062882
0.01062882
0.01062882
0.01062882
0.01062882
0.01062882
0.01062882
0.01062882
0.01062882
0.01062882
0.01062882
0.01062882
0.01062882
0.01062882
0.01062882
0.01062882
0.01062882
0.01062882
0.01062882
0.01062882
0.01062882
0.01062882
0.01062882
0.01062882
0.01062882
0.01062882
0.01062882
0.01062882
0.01062882
0.01062882
0.01062882
0.01062882
0.01062882
0.01062882
0.01062882
0.01062882
0.01062882
0.01062882
0.01062882
0.01062882
0.01062882
0.01062882
0.01062882
0.01062882
0.01062882
0.01062882
0.01062882
0.01062882
0.01062882
0.01062882
0.01062882
0.01062882
0.01062882
0.01062882
0.01062882
0.01062882
0.01062882
0.01062882
0.01062882
0.01062882
0.01062882
0.01062882
0.01062882
0.01062882
0.01062882
0.01062882
0.01062882
0.01062882
0.01062882
0.01062882
0.01062882
0.01062882
0.01062882
0.01062882
0.01062882
0.01062882
0.01062882
0.01062882
0.01062882
0.01062882
0.01062882
0.01062882
0.01062882
0.01062882
0.01062882
0.01062882
0.01062882
0.01062882
0.01062882
0.01062882
0.01048576
0.01048576
0.01048576
0.01048576
0.01048576
0.01048576
0.01048576
0.01048576
0.01048576
0.01048576
0.01048576
0.01048576
0.01048576
0.01032319
0.01031878
0.01030174
0.0101804
0.01013237
0.01004658
0.01
0.01
0.01
0.01
0.01
0.01
0.00997872
0.00995136
0.0099
0.00957807
0.00944348
0.009415
0.00939378
0.00914718
0.00911411
0.00904794
0.009
0.00893627
0.00885726
0.00885353
0.00876496
0.00875618
0.00856595
0.00847659
0.00842341
0.00839505
0.00828975
0.00820634
0.00820007
0.0081945
0.00817277
0.00809341
0.00808905
0.00799758
0.00793639
0.00780523
0.00778
0.00755302
0.00753463
0.00751755
0.00746024
0.0074298
0.00737715
0.00733046
0.00719158
0.00719023
0.0070635
0.0070101
0.007
0.00699509
0.00657633
0.00646061
0.00632385
0.00630575
0.00626827
0.00626525
0.00617542
0.0061459
0.00588556
0.0057284
0.00572017
0.00569343
0.00555966
0.00551707
0.00541877
0.00531441
0.00531441
0.00531441
0.00531441
0.00531441
0.00531441
0.00531441
0.00531441
0.00531441
0.00531441
0.00531441
0.00531441
0.00531441
0.00531441
0.00531441
0.00531441
0.00531441
0.00531441
0.00531441
0.00531441
0.00531441
0.00531441
0.00531441
0.00531441
0.00531441
0.00531441
0.00531441
0.00531441
0.00531441
0.00531441
0.00531441
0.00531441
0.00531441
0.00531441
0.00531441
0.00531441
0.00531441
0.00531441
0.00531441
0.00531441
0.00531441
0.00531441
0.00531441
0.00531441
0.00531441
0.00531441
0.00531441
0.00531441
0.00531441
0.00531441
0.00531441
0.00531441
0.00531441
0.00531441
0.00531441
0.00531441
0.00531441
0.00531441
0.00531441
0.00531441
0.00531441
0.00531441
0.00531441
0.00531441
0.00531441
0.00531441
0.00531441
0.00531441
0.00531441
0.00531441
0.00531441
0.00531441
0.00531441
0.00531441
0.00531441
0.00531441
0.00531441
0.00531441
0.00531441
0.00531441
0.00531441
0.00531441
0.00531441
0.00531441
0.00531441
0.00531441
0.00531441
0.00531441
0.00531441
0.00531441
0.00531441
0.00531441
0.00531441
0.00531441
0.00531441
0.00531441
0.00531441
0.00531441
0.00531441
0.00531441
0.00531441
0.00531441
0.00531441
0.00531441
0.00531441
0.00531441
0.00531441
0.00531441
0.00531441
0.00531441
0.00531441
0.00531441
0.00531441
0.00531441
0.00531441
0.00531441
0.00531441
0.00531441
0.00531441
0.00531441
0.00531441
0.00531441
0.00531441
0.00531441
0.00531441
0.00531441
0.00531441
0.00531441
0.00531441
0.00531441
0.00531441
0.00531441
0.00531441
0.00531441
0.00531441
0.00531441
0.00531441
0.00531441
0.00531441
0.00531441
0.00531441
0.00531441
0.00531441
0.00531441
0.00531441
0.00531441
0.00531441
0.00531441
0.00531441
0.00531441
0.00531441
0.00531441
0.00531441
0.00531441
0.00531441
0.00531441
0.00531441
0.00531441
0.00531441
0.00531441
0.00531441
0.00531441
0.00531441
0.00531441
0.00531441
0.00531441
0.00531441
0.00531441
0.00531441
0.00531441
0.00531441
0.00531441
0.00531441
0.00531441
0.00531441
0.00531441
0.00531441
0.00531441
0.00531441
0.00531441
0.00531441
0.00531441
0.00531441
0.00531441
0.00531441
0.00531441
0.00531441
0.00531441
0.00531441
0.00531441
0.00531441
0.00531441
0.00531441
0.00531441
0.00531441
0.00531441
0.00531441
0.00531441
0.00531441
0.00531441
0.00531441
0.00531441
0.00531441
0.00531441
0.00531441
0.00531441
0.00531441
0.00531441
0.00531441
0.00531441
0.00531441
0.00531441
0.00531441
0.00531441
0.00531441
0.00531441
0.00531441
0.00531441
0.00531441
0.00531441
0.00531441
0.00531441
0.00531441
0.00531441
0.00531441
0.00531441
0.00531441
0.00531441
0.00531441
0.00531441
0.00531441
0.00531441
0.00531441
0.00531441
0.00531441
0.00531441
0.00531441
0.00531441
0.00531441
0.00531441
0.00531441
0.00531441
0.00531441
0.00531441
0.00531441
0.00531441
0.00531441
0.00531441
0.00531441
0.00531441
0.00531441
0.00531441
0.00531441
0.00531441
0.00531441
0.00531441
0.00531441
0.00531441
0.00531441
0.00531441
0.00531441
0.00531441
0.00531441
0.00531441
0.00531441
0.00531441
0.00531441
0.00531441
0.00531441
0.00531441
0.00531441
0.00531441
0.00531441
0.00531441
0.00531441
0.00531441
0.00531441
0.00531441
0.00531441
0.00531441
0.00531441
0.00531441
0.00531441
0.00531441
0.00531441
0.00531441
0.00531441
0.00531441
0.00531441
0.00531441
0.00531441
0.00531441
0.00531441
0.00531441
0.00531441
0.00531441
0.00531441
0.00531441
0.00531441
0.00531441
0.00531441
0.00531441
0.00531441
0.00531441
0.00531441
0.00531441
0.00531441
0.00531441
0.00531441
0.00531441
0.00531441
0.00531441
0.00531441
0.00531441
0.00531441
0.00531441
0.00531441
0.00531441
0.00531441
0.00531441
0.00531441
0.00531441
0.00531441
0.00531441
0.00531441
0.00531441
0.00531441
0.00531441
0.00531441
0.00531441
0.00531441
0.00531441
0.00531441
0.00531441
0.00531441
0.00531441
0.00531441
0.00531441
0.00531441
0.00531441
0.00531441
0.00531441
0.00531441
0.00531441
0.00531441
0.00531441
0.00531441
0.00531441
0.00531441
0.00531441
0.00531441
0.00531441
0.00531441
0.00531441
0.00531441
0.00531441
0.00531441
0.00531441
0.00531441
0.00531441
0.00531441
0.00531441
0.00531441
0.00531441
0.00531441
0.00531441
0.00531441
0.00531441
0.00531441
0.00531441
0.00531441
0.00531441
0.00531441
0.00531441
0.00531441
0.00531441
0.00531441
0.00531441
0.00531441
0.00531441
0.00531441
0.00531441
0.00531441
0.00531441
0.00531441
0.00531441
0.00531441
0.00531441
0.00531441
0.00531441
0.00531441
0.00531441
0.00531441
0.00531441
0.00531441
0.00531441
0.00526192
0.00524288
0.00524288
0.00524288
0.00524288
0.00524288
0.00524288
0.00524288
0.00524288
0.00524288
0.00524288
0.00524288
0.00524288
0.00524288
0.00524288
0.00524288
0.00524288
0.00524288
0.00524288
0.00524288
0.00524288
0.00524288
0.00524288
0.00524288
0.00524288
0.00524288
0.00524288
0.00524288
0.00524288
0.00524288
0.00524288
0.00524288
0.00524288
0.00524288
0.00524288
0.00524288
0.00524288
0.00524288
0.00524288
0.00524288
0.00524288
0.00524288
0.00524288
0.00524288
0.00524288
0.00524288
0.00524288
0.00524288
0.00524288
0.00524288
0.00524288
0.00524288
0.00524288
0.00524288
0.00524288
0.00524288
0.00524288
0.00524288
0.00524288
0.00524288
0.00524288
0.00524288
0.00524288
0.00524288
0.0051
0.00506755
0.00502351
0.005
0.005
0.005
0.005
0.005
0.005
0.005
0.00497
0.00489907
0.00482861
0.00481911
0.0048023
0.00475261
0.00458505
0.00444754
0.00443339
0.00417609
0.00414444
0.00408091
0.00395338
0.00395319
0.00386156
0.00364963
0.00361326
0.00357984
0.00354294
0.00354294
0.00354294
0.00354294
0.00354294
0.00354294
0.00354294
0.00354294
0.00354294
0.00354294
0.00354294
0.00354294
0.00354294
0.00354294
0.00354294
0.00354294
0.00354294
0.00354294
0.00354294
0.00354294
0.00354294
0.00354294
0.00354294
0.00354294
0.00354294
0.00354294
0.00354294
0.00354294
0.00354294
0.00354294
0.00354294
0.00354294
0.00354294
0.00354294
0.00354294
0.00354294
0.00354294
0.00354294
0.00354294
0.00354294
0.00354294
0.00354294
0.00354294
0.00354294
0.00354294
0.00354294
0.00354294
0.00354294
0.00354294
0.00354294
0.00354294
0.00354294
0.00354294
0.00354294
0.00354294
0.00354294
0.00354294
0.00354294
0.00354294
0.00354294
0.00354294
0.00354294
0.00354294
0.00354294
0.00354294
0.00354294
0.00354294
0.00354294
0.00354294
0.00354294
0.00354294
0.00354294
0.00354294
0.00354294
0.00354294
0.00354294
0.00354294
0.00354294
0.00354294
0.00354294
0.00354294
0.00354294
0.00354294
0.00354294
0.00354294
0.00354294
0.00354294
0.00354294
0.00354294
0.00354294
0.00354294
0.00354294
0.00354294
0.00354294
0.00354294
0.00354294
0.00354294
0.00354294
0.00354294
0.00354294
0.00354294
0.00354294
0.00354294
0.00354294
0.00354294
0.00354294
0.00354294
0.00354294
0.00354294
0.00354294
0.00354294
0.00354294
0.00354294
0.00354294
0.00354294
0.00354294
0.00354294
0.00354294
0.00354294
0.00354294
0.00354294
0.00354294
0.00354294
0.00354294
0.00354294
0.00354294
0.00354294
0.00354294
0.00354294
0.00354294
0.00354294
0.00354294
0.00354294
0.00354294
0.00354294
0.00354294
0.00354294
0.00354294
0.00354294
0.00354294
0.00354294
0.00354294
0.00354294
0.00354294
0.00354294
0.00354294
0.00354294
0.00354294
0.00354294
0.00354294
0.00354294
0.00354294
0.00354294
0.00354294
0.00354294
0.00354294
0.00354294
0.00354294
0.00354294
0.00354294
0.00354294
0.00354294
0.00354294
0.00354294
0.00354294
0.00354294
0.00354294
0.00354294
0.00354294
0.00354294
0.00354294
0.00354294
0.00354294
0.00354294
0.00354294
0.00354294
0.00354294
0.00354294
0.00354294
0.00354294
0.00354294
0.00354294
0.00354294
0.00354294
0.00354294
0.00354294
0.00354294
0.00354294
0.00354294
0.00354294
0.00354294
0.00354294
0.00354294
0.00354294
0.00354294
0.00354294
0.00354294
0.00354294
0.00354294
0.00354294
0.00354294
0.00354294
0.00354294
0.00354294
0.00354294
0.00354294
0.00354294
0.00354294
0.00354294
0.00354294
0.00354294
0.00354294
0.00354294
0.00354294
0.00354294
0.00354294
0.00354294
0.00354294
0.00354294
0.00354294
0.00354294
0.00354294
0.00354294
0.00354294
0.00354294
0.00354294
0.00354294
0.00354294
0.00354294
0.00354294
0.00354294
0.00354294
0.00354294
0.00354294
0.00354294
0.00354294
0.00354294
0.00354294
0.00354294
0.00354294
0.00354294
0.00354294
0.00354294
0.00354294
0.00354294
0.00354294
0.00354294
0.00354294
0.00354294
0.00354294
0.00354294
0.00354294
0.00354294
0.00354294
0.00354294
0.00354294
0.00354294
0.00354294
0.00354294
0.00354294
0.00354294
0.00354294
0.00354294
0.00354294
0.00354294
0.00354294
0.00354294
0.00354294
0.00354294
0.00354294
0.00354294
0.00354294
0.00354294
0.00354294
0.00354294
0.00354294
0.00354294
0.00354294
0.00354294
0.00354294
0.00354294
0.00354294
0.00354294
0.00354294
0.00354294
0.00354294
0.00354294
0.00354294
0.00354294
0.00354294
0.00354294
0.00354294
0.00354294
0.00354294
0.00354294
0.00354294
0.00354294
0.00354294
0.00354294
0.00354294
0.00354294
0.00354294
0.00354294
0.00354294
0.00354294
0.00354294
0.00354294
0.00354294
0.00354294
0.00354294
0.00354294
0.00354294
0.00354294
0.00354294
0.00354294
0.00354294
0.00354294
0.00354294
0.00354294
0.00354294
0.00354294
0.00354294
0.00354294
0.00354294
0.00354294
0.00354294
0.00354294
0.00354294
0.00354294
0.00354294
0.00354294
0.00354294
0.00354294
0.00354294
0.00354294
0.00354294
0.00354294
0.00354294
0.00354294
0.00354294
0.00354294
0.00354294
0.00354294
0.00354294
0.00354294
0.00354294
0.00354294
0.00354294
0.00354294
0.00354294
0.00354294
0.00354294
0.00354294
0.00354294
0.00354294
0.00354294
0.00354294
0.00354294
0.00354294
0.00354294
0.00354294
0.00354294
0.00354294
0.00354294
0.00354294
0.00354294
0.00354294
0.00354294
0.00354294
0.00354294
0.00354294
0.00354294
0.00354294
0.00354294
0.00354294
0.00354294
0.00354294
0.00354294
0.00354294
0.00354294
0.00354294
0.00354294
0.00354294
0.00354294
0.00354294
0.00354294
0.00354294
0.00354294
0.00354294
0.00354294
0.00354294
0.00354294
0.00354294
0.00354294
0.00354294
0.00354294
0.00354294
0.00354294
0.00354294
0.00354294
0.00354294
0.00354294
0.00354294
0.00354294
0.00354294
0.00354294
0.00354294
0.00354294
0.00354294
0.00354294
0.00354294
0.00354294
0.00354294
0.00354294
0.00340587
0.00333314
0.00330392
0.00306205
0.00305221
0.00298121
0.00294127
0.00291436
0.00281276
0.0028012
0.00278926
0.00276621
0.00274428
0.00272
0.00271152
0.00270602
0.00262856
0.00262144
0.00262144
0.00262144
0.00262144
0.00262144
0.00262144
0.00262144
0.00262144
0.00262144
0.00262144
0.00262144
0.00262144
0.00262144
0.00262144
0.00262144
0.00262144
0.00262144
0.00262144
0.00262144
0.00262144
0.00262144
0.00262144
0.00262144
0.00262144
0.00262144
0.00262144
0.00262144
0.00262144
0.00262144
0.00262144
0.00262144
0.00262144
0.00262144
0.00262144
0.00262144
0.00262144
0.00262144
0.00262144
0.00262144
0.00262144
0.00262144
0.00262144
0.00262144
0.00262144
0.00262144
0.00262144
0.00262144
0.00262144
0.00262144
0.00262144
0.00262144
0.00262144
0.00262144
0.00262144
0.00262144
0.00262144
0.00262144
0.00262144
0.00262144
0.00262144
0.00262144
0.00262144
0.00262144
0.00262144
0.00262144
0.00262144
0.00262144
0.00262144
0.00262144
0.00262144
0.00262144
0.00262144
0.00262144
0.00262144
0.00262144
0.00262144
0.00262144
0.00262144
0.00262144
0.00262144
0.00262144
0.00262144
0.00262144
0.00262144
0.00262144
0.00262144
0.00262144
0.00262144
0.00262144
0.00262144
0.00262144
0.00262144
0.00262144
0.00262144
0.00262144
0.00262144
0.00262144
0.00262144
0.00262144
0.00262144
0.00262144
0.00262144
0.00262144
0.00262144
0.00262144
0.00262144
0.00262144
0.00262144
0.00262144
0.00262144
0.00262144
0.00262144
0.00262144
0.00262144
0.00262144
0.00262144
0.00262144
0.00262144
0.00262144
0.00262144
0.00262144
0.00262144
0.00262144
0.00262144
0.00262144
0.00262144
0.00262144
0.00262144
0.00262144
0.00262144
0.00262144
0.00262144
0.00262144
0.00262144
0.00262144
0.00262144
0.00262144
0.00262144
0.00262144
0.00262144
0.00262144
0.00262144
0.00262144
0.00262144
0.00262144
0.00262144
0.00262144
0.00262144
0.00262144
0.00262144
0.00262144
0.00262144
0.00262144
0.00262144
0.00262144
0.00262144
0.00262144
0.00262144
0.00262144
0.00262144
0.00262144
0.00262144
0.00262144
0.00262144
0.00262144
0.00262144
0.00262144
0.00262144
0.00262144
0.00262144
0.00262144
0.00262144
0.00262144
0.00262144
0.00262144
0.00262144
0.00262144
0.00262144
0.00262144
0.00262144
0.00262144
0.00262144
0.00262144
0.00262144
0.00262144
0.00262144
0.00262144
0.00262144
0.00262144
0.00262144
0.00262144
0.00262144
0.00262144
0.00262144
0.00262144
0.00262144
0.00262144
0.00262144
0.00262144
0.00262144
0.00262144
0.00262144
0.00262144
0.00262144
0.00262144
0.00262144
0.00262144
0.00262144
0.00262144
0.00262144
0.00262144
0.00262144
0.00262144
0.00262144
0.00262144
0.00262144
0.00262144
0.00262144
0.00262144
0.00262144
0.00262144
0.00262144
0.00262144
0.00262144
0.00262144
0.00262144
0.00262144
0.00262144
0.00262144
0.00262144
0.00262144
0.00262144
0.00262144
0.00262144
0.00262144
0.00262144
0.00262144
0.00262144
0.00262144
0.00262144
0.00262144
0.00262144
0.00262144
0.00262144
0.00262144
0.00262144
0.00262144
0.00262144
0.00262144
0.00262144
0.00262144
0.00262144
0.00262144
0.00262144
0.00262144
0.00262144
0.00262144
0.00262144
0.00262144
0.00262144
0.00262144
0.00262144
0.00262144
0.00262144
0.00262144
0.00262144
0.00262144
0.00262144
0.00262144
0.00262144
0.00262144
0.00262144
0.00262144
0.00262144
0.00262144
0.00262144
0.00262144
0.00262144
0.00262144
0.00262144
0.00262144
0.00262144
0.00262144
0.00262144
0.00262144
0.00262144
0.00262144
0.00262144
0.00262144
0.00262144
0.00262144
0.00262144
0.00262144
0.00262144
0.00262144
0.00262144
0.00262144
0.00262144
0.00262144
0.00262144
0.00262144
0.00262144
0.00262144
0.00262144
0.00262144
0.00262144
0.00262144
0.00262144
0.00262144
0.00262144
0.00262144
0.00262144
0.00262144
0.00262144
0.00262144
0.00262144
0.00262144
0.00262144
0.00262144
0.00262144
0.00262144
0.00262144
0.00262144
0.00262144
0.00262144
0.00262144
0.00262144
0.00262144
0.00262144
0.00262144
0.00262144
0.00262144
0.00262144
0.00262144
0.00262144
0.00262144
0.00262144
0.00262144
0.00262144
0.00262144
0.00262144
0.00262144
0.00262144
0.00262144
0.00262144
0.00262144
0.00262144
0.00262144
0.00262144
0.00262144
0.00262144
0.00262144
0.00262144
0.00262144
0.00262144
0.00262144
0.00262144
0.00262144
0.00262144
0.00262144
0.00262144
0.00262144
0.00262144
0.00262144
0.00262144
0.00262144
0.00262144
0.00262144
0.00262144
0.00262144
0.00262144
0.00262144
0.00262144
0.00262144
0.00262144
0.00262144
0.00262144
0.00262144
0.00262144
0.00262144
0.00262144
0.00262144
0.00262144
0.00262144
0.00262144
0.00262144
0.00262144
0.00262144
0.00262144
0.00262144
0.00262144
0.00262144
0.00262144
0.00262144
0.00262144
0.00262144
0.00262144
0.00262144
0.00262144
0.00262144
0.00262144
0.00262144
0.00262144
0.00262144
0.00262144
0.00262144
0.00262144
0.00262144
0.00262144
0.00262144
0.00262144
0.00262144
0.00262144
0.00262144
0.00262144
0.00262144
0.00262144
0.00262144
0.00262144
0.00262144
0.00262144
0.00262144
0.00262144
0.00262144
0.00262144
0.00262144
0.00262144
0.00262144
0.00262144
0.00262144
0.00262144
0.00262144
0.00262144
0.00262144
0.00262144
0.00262144
0.00262144
0.00262144
0.00262144
0.00262144
0.00262144
0.00262144
0.00262144
0.00262144
0.00261647
0.00254779
0.002479
0.00246268
0.00245391
0.00241309
0.00241071
0.00234809
0.00233599
0.00233468
0.00230427
0.002285
0.00226784
0.00225888
0.00221831
0.00221107
0.00218443
0.00217908
0.00216404
0.00212244
0.00208175
0.00205373
0.00204
0.00202185
0.002
0.002
0.002
0.002
0.002
0.002
0.002
0.002
0.002
0.002
0.002
0.002
0.002
0.002
0.002
0.002
0.002
0.002
0.002
0.002
0.002
0.002
0.002
0.002
0.002
0.002
0.002
0.002
0.002
0.002
0.002
0.002
0.002
0.002
0.002
0.002
0.002
0.002
0.002
0.002
0.002
0.002
0.002
0.002
0.002
0.002
0.002
0.002
0.002
0.002
0.002
0.002
0.002
0.002
0.002
0.002
0.002
0.002
0.002
0.002
0.002
0.002
0.002
0.002
0.002
0.002
0.002
0.002
0.002
0.002
0.002
0.002
0.002
0.002
0.002
0.002
0.002
0.002
0.002
0.002
0.002
0.002
0.002
0.002
0.002
0.002
0.002
0.002
0.002
0.002
0.002
0.002
0.002
0.002
0.002
0.002
0.002
0.002
0.002
0.002
0.002
0.002
0.002
0.002
0.002
0.002
0.002
0.002
0.002
0.002
0.002
0.002
0.002
0.002
0.002
0.002
0.002
0.002
0.002
0.002
0.002
0.002
0.002
0.002
0.002
0.002
0.002
0.002
0.002
0.002
0.002
0.002
0.002
0.002
0.002
0.002
0.002
0.002
0.002
0.002
0.002
0.002
0.002
0.002
0.002
0.002
0.002
0.002
0.002
0.002
0.002
0.002
0.002
0.002
0.002
0.002
0.002
0.002
0.002
0.002
0.002
0.002
0.002
0.002
0.002
0.002
0.002
0.002
0.002
0.002
0.002
0.002
0.002
0.002
0.002
0.002
0.002
0.002
0.002
0.002
0.002
0.002
0.002
0.002
0.002
0.002
0.002
0.002
0.002
0.002
0.002
0.002
0.002
0.002
0.002
0.002
0.002
0.002
0.002
0.002
0.002
0.002
0.002
0.002
0.002
0.002
0.002
0.002
0.002
0.002
0.002
0.002
0.002
0.002
0.002
0.002
0.002
0.002
0.002
0.002
0.002
0.002
0.002
0.002
0.002
0.002
0.002
0.002
0.002
0.002
0.002
0.002
0.002
0.002
0.002
0.002
0.002
0.002
0.002
0.002
0.002
0.002
0.002
0.002
0.002
0.002
0.002
0.002
0.002
0.002
0.002
0.002
0.002
0.002
0.002
0.002
0.002
0.002
0.002
0.002
0.002
0.002
0.002
0.002
0.002
0.002
0.002
0.002
0.002
0.002
0.002
0.002
0.002
0.002
0.002
0.002
0.002
0.002
0.002
0.002
0.002
0.002
0.002
0.002
0.002
0.002
0.002
0.002
0.002
0.002
0.002
0.002
0.002
0.002
0.002
0.002
0.002
0.002
0.002
0.002
0.002
0.002
0.002
0.002
0.002
0.002
0.002
0.002
0.002
0.002
0.002
0.002
0.002
0.002
0.002
0.002
0.002
0.002
0.002
0.002
0.002
0.002
0.002
0.002
0.002
0.002
0.002
0.002
0.002
0.002
0.002
0.002
0.002
0.002
0.002
0.002
0.002
0.002
0.002
0.002
0.002
0.002
0.002
0.002
0.002
0.002
0.002
0.002
0.002
0.002
0.002
0.002
0.002
0.002
0.002
0.002
0.002
0.002
0.002
0.002
0.002
0.002
0.002
0.002
0.002
0.002
0.002
0.002
0.002
0.002
0.002
0.002
0.002
0.002
0.002
0.002
0.002
0.002
0.002
0.002
0.002
0.002
0.002
0.002
0.002
0.002
0.002
0.002
0.002
0.002
0.002
0.002
0.002
0.002
0.002
0.002
0.002
0.002
0.002
0.002
0.002
0.002
0.002
0.002
0.002
0.002
0.002
0.00195763
0.0019161
0.00188423
0.00179199
0.00178121
0.00177147
0.00177147
0.00177147
0.00177147
0.00177147
0.00177147
0.00177147
0.00177147
0.00177147
0.00177147
0.00177147
0.00177147
0.00177147
0.00177147
0.00177147
0.00177147
0.00177147
0.00177147
0.00177147
0.00177147
0.00177147
0.00177147
0.00177147
0.00177147
0.00177147
0.00177147
0.00177147
0.00177147
0.00177147
0.00177147
0.00177147
0.00177147
0.00177147
0.00177147
0.00177147
0.00177147
0.00177147
0.00177147
0.00177147
0.00177147
0.00177147
0.00177147
0.00177147
0.00177147
0.00177147
0.00177147
0.00177147
0.00177147
0.00177147
0.00177147
0.00177147
0.00177147
0.00177147
0.00177147
0.00177147
0.00177147
0.00177147
0.00177147
0.00177147
0.00177147
0.00177147
0.00177147
0.00177147
0.00177147
0.00176033
0.00173137
0.001731
0.001677
0.00167197
0.00163912
0.00162608
0.00157812
0.00150086
0.0014856
0.00147186
0.00144562
0.00143677
0.00138504
0.00133107
0.00132995
0.00132006
0.00131102
0.00131072
0.00131072
0.00131072
0.00131072
0.00131072
0.00131072
0.00131072
0.00131072
0.00131072
0.00131072
0.00131072
0.00131072
0.00131072
0.00131072
0.00131072
0.00131072
0.00131072
0.00131072
0.00131072
0.00131072
0.00131072
0.00131072
0.00131072
0.00131072
0.00131072
0.00131072
0.00131072
0.00131072
0.00131072
0.00131072
0.00131072
0.00131072
0.00131072
0.00131072
0.00131072
0.00131072
0.00131072
0.00131072
0.00131072
0.00131072
0.00131072
0.00131072
0.00131072
0.00131072
0.00131072
0.00131072
0.00131072
0.00131072
0.00131072
0.00131072
0.00131072
0.00131072
0.00131072
0.00131072
0.00131072
0.00131072
0.00131072
0.00131072
0.00131072
0.00131072
0.00131072
0.00131072
0.00131072
0.00131072
0.00131072
0.00131072
0.00131072
0.00131072
0.00131072
0.00131072
0.00131072
0.00131072
0.00131072
0.00131072
0.00131072
0.00131072
0.00131072
0.00131072
0.00131072
0.00131072
0.00131072
0.00131072
0.00131072
0.00131072
0.00131072
0.00131072
0.00131072
0.00131072
0.00131072
0.00131072
0.00131072
0.00131072
0.00131072
0.00131072
0.00131072
0.00131072
0.00131072
0.00131072
0.00131072
0.00131072
0.00131072
0.00131072
0.00131072
0.00131072
0.00131072
0.00131072
0.00131072
0.00131072
0.00131072
0.00131072
0.00131072
0.00131072
0.00131072
0.00131072
0.00131072
0.00131072
0.00131072
0.00131072
0.00131072
0.00131072
0.00131072
0.00131072
0.00131072
0.00131072
0.00131072
0.00131072
0.00131072
0.00131072
0.00131072
0.00131072
0.00131072
0.00131072
0.00131072
0.00131072
0.00131072
0.00131072
0.00131072
0.00131072
0.00131072
0.00131072
0.00131072
0.00131072
0.00131072
0.00131072
0.00131072
0.00131072
0.00131072
0.00131072
0.00131072
0.00131072
0.00131072
0.00131072
0.00131072
0.00131072
0.00131072
0.00131072
0.00131072
0.00131072
0.00131072
0.00131072
0.00131072
0.00131072
0.00131072
0.00131072
0.00131072
0.00131072
0.00131072
0.00131072
0.00131072
0.00131072
0.00131072
0.00131072
0.00131072
0.00131072
0.00131072
0.00131072
0.00131072
0.00131072
0.00131072
0.00131072
0.00131072
0.00131072
0.00131072
0.00131072
0.00131072
0.00131072
0.00131072
0.00131072
0.00131072
0.00131072
0.00131072
0.00131072
0.00131072
0.00131072
0.00131072
0.00131072
0.00131072
0.00131072
0.00131072
0.00131072
0.00131072
0.00131072
0.00131072
0.00131072
0.00131072
0.00131072
0.00131072
0.00131072
0.00131072
0.00131072
0.00131072
0.00131072
0.00131072
0.00131072
0.00131072
0.00131072
0.00131072
0.00131072
0.00131072
0.00131072
0.00131072
0.00131072
0.00131072
0.00131072
0.00131072
0.00131072
0.00131072
0.00131072
0.00131072
0.00131072
0.00131072
0.00131072
0.00131072
0.00131072
0.00131072
0.00131072
0.00131072
0.00131072
0.00131072
0.00131072
0.00131072
0.00131072
0.00131072
0.00131072
0.00131072
0.00131072
0.00131072
0.00131072
0.00128919
0.00120654
0.00118098
0.00118098
0.00118098
0.00118098
0.00118098
0.00118098
0.00118098
0.00118098
0.00118098
0.00118098
0.00118098
0.00118098
0.00118098
0.00118098
0.00118098
0.00118098
0.00118098
0.00118098
0.00118098
0.00118098
0.00118098
0.00118098
0.00118098
0.00118098
0.00118098
0.00118098
0.00118098
0.00118098
0.00118098
0.00118098
0.00118098
0.00118098
0.00118098
0.00118098
0.00118098
0.00118098
0.00118098
0.00118098
0.00118098
0.00118098
0.00118098
0.00118098
0.00118098
0.00118098
0.00118098
0.00118098
0.00118098
0.00118098
0.00118098
0.00118098
0.00118098
0.00118098
0.00118098
0.00118098
0.00118098
0.00118098
0.00118098
0.00118098
0.00118098
0.00118098
0.00118098
0.00118098
0.00118098
0.00118098
0.00118098
0.00118098
0.00118098
0.00118098
0.00118098
0.00118098
0.00118098
0.00118098
0.00118098
0.00118098
0.00118098
0.00118098
0.00118098
0.00118098
0.00118098
0.00118098
0.00118098
0.00118098
0.00118098
0.00118098
0.00118098
0.00118098
0.00118098
0.00118098
0.00118098
0.00118098
0.00118098
0.00118098
0.00118098
0.00118098
0.00118098
0.00118098
0.00118098
0.00118098
0.00118098
0.00118098
0.00118098
0.00118098
0.00118098
0.00118098
0.00118098
0.00118098
0.00118098
0.00118098
0.00118098
0.00118098
0.00118098
0.00118098
0.00118098
0.00118098
0.00118098
0.00118098
0.00118098
0.00118098
0.00118098
0.00118098
0.00118098
0.00118098
0.00118098
0.00118098
0.00118098
0.00118098
0.00118098
0.00118098
0.00117343
0.00117278
0.001132
0.00112697
0.001064
0.00106383
0.00105965
0.0010525
0.00105073
0.00104011
0.00103701
0.00102211
0.00101131
0.00100603
0.00100142
0.001
0.001
0.001
0.001
0.001
0.001
0.001
0.001
0.001
0.001
0.001
0.001
0.001
0.001
0.001
0.001
0.001
0.001
0.001
0.001
0.001
0.001
0.001
0.001
0.001
0.001
0.001
0.001
0.001
0.001
0.001
0.001
0.001
0.001
0.001
0.001
0.001
0.001
0.001
0.001
0.001
0.001
0.001
0.001
0.001
0.001
0.001
0.001
0.001
0.001
0.001
0.001
0.001
0.001
0.001
0.001
0.001
0.001
0.001
0.001
0.001
0.001
0.001
0.001
0.001
0.001
0.001
0.001
0.001
0.001
0.001
0.001
0.001
0.001
0.001
0.001
0.001
0.001
0.001
0.001
0.001
0.001
0.001
0.001
0.001
0.001
0.001
0.001
0.001
0.001
0.001
0.001
0.001
0.001
0.001
0.001
0.001
0.001
0.001
0.001
0.001
0.001
0.001
0.001
0.001
0.001
0.001
0.001
0.001
0.001
0.001
0.001
0.001
0.001
0.001
0.001
0.001
0.001
0.001
0.001
0.001
0.001
0.001
0.001
0.001
0.001
0.001
0.001
0.001
0.001
0.001
0.001
0.001
0.001
0.001
0.001
0.001
0.001
0.001
0.001
0.001
0.001
0.001
0.001
0.001
0.001
0.001
0.001
0.001
0.001
0.001
0.001
0.001
0.001
0.001
0.001
0.001
0.001
0.001
0.001
0.001
0.001
0.001
0.001
0.001
0.001
0.001
0.001
0.001
0.001
0.001
0.001
0.001
0.001
0.001
0.001
0.001
0.001
0.001
0.001
0.001
0.001
0.001
0.001
0.001
0.001
0.001
0.001
0.001
0.001
0.001
0.001
0.001
0.001
0.001
0.001
0.001
0.001
0.001
0.001
0.001
0.001
0.001
0.001
0.001
0.001
0.001
0.001
0.001
0.001
0.001
0.001
0.001
0.001
0.001
0.001
0.001
0.001
0.001
0.001
0.001
0.001
0.001
0.001
0.001
0.001
0.001
0.001
0.001
0.001
0.001
0.001
0.001
0.001
0.001
0.001
0.001
0.001
0.001
0.001
0.001
0.001
0.001
0.001
0.001
0.001
0.001
0.001
0.001
0.001
0.001
0.001
0.001
0.001
0.001
0.001
0.001
0.001
0.001
0.001
0.001
0.001
0.001
0.001
0.001
0.001
0.001
0.001
0.001
0.001
0.001
0.001
0.001
0.001
0.001
0.001
0.001
0.001
0.001
0.001
0.001
0.001
0.001
0.001
0.001
0.001
0.001
0.001
0.001
0.001
0.001
0.001
0.001
0.001
0.001
0.001
0.001
0.001
0.001
0.001
0.001
0.001
0.001
0.001
0.001
0.001
0.001
0.001
0.001
0.001
0.001
0.001
0.00099477
0.00097201
0.00093288
0.00090722
0.00090711
0.00088795
0.00086652
0.00085811
0.00085546
0.00084872
0.00084192
0.0008338
0.00081423
0.00080738
0.0007361
0.00071194
0.00067896
0.00066448
0.00065536
0.00065536
0.00065536
0.00065536
0.00065536
0.00065536
0.00065536
0.00065536
0.00065536
0.00065536
0.00065536
0.00065536
0.00065536
0.00065536
0.00065536
0.00065536
0.00065536
0.00065536
0.00065536
0.00065536
0.00065536
0.00065536
0.00065536
0.00065536
0.00065536
0.00065536
0.00065536
0.00065536
0.00065536
0.00065536
0.00065536
0.00065536
0.00065536
0.00065536
0.00065536
0.00065536
0.00065536
0.00065536
0.00065536
0.00065536
0.00065536
0.00065536
0.00065536
0.00065536
0.00065536
0.00065536
0.00065536
0.00065536
0.00065536
0.00065536
0.00065536
0.00065536
0.00065536
0.00065536
0.00065536
0.00065536
0.00065536
0.00065536
0.00065536
0.00065536
0.00065536
0.00065536
0.00065536
0.00065536
0.00065536
0.00065536
0.00065536
0.00065536
0.00065536
0.00065536
0.00065536
0.00065536
0.00065536
0.00065536
0.00065536
0.00065536
0.00065536
0.00065536
0.00065536
0.00065536
0.00065536
0.00065536
0.00065536
0.00065536
0.00065536
0.00065536
0.00065536
0.00065536
0.00065536
0.00065536
0.00065536
0.00065536
0.00065536
0.00065536
0.00065536
0.00065536
0.00065536
0.00065536
0.00065536
0.00065536
0.00065536
0.00065536
0.00065536
0.00065536
0.00065536
0.00065536
0.00065536
0.00065536
0.00065536
0.00065536
0.00065536
0.00065536
0.00065536
0.00065536
0.00065536
0.00065536
0.00065536
0.00065536
0.00065536
0.00065536
0.00065536
0.00065536
0.00065536
0.00065536
0.00065536
0.00065536
0.00065536
0.00065536
0.00065536
0.00065536
0.00065536
0.00065536
0.00065536
0.00065536
0.00065536
0.00065536
0.00065536
0.00065536
0.00065536
0.00065536
0.00065536
0.00065536
0.00065536
0.00065536
0.00065536
0.00065536
0.00065536
0.00065536
0.00065536
0.00065536
0.00065536
0.00065536
0.00065536
0.00065536
0.00065536
0.00065536
0.00065536
0.00065536
0.00065536
0.00065536
0.00065536
0.00065536
0.00065536
0.00065536
0.00065536
0.00065536
0.00065536
0.00065536
0.00065536
0.00065536
0.00065536
0.00065536
0.00065536
0.00065536
0.00065536
0.00065536
0.00065536
0.00065536
0.00065536
0.00065536
0.00065536
0.00065536
0.00065536
0.00065536
0.00065536
0.00065536
0.00065536
0.00065536
0.00065536
0.00065536
0.00065536
0.00065536
0.00065536
0.00065536
0.00065536
0.00065536
0.00065536
0.00065536
0.00065536
0.00065536
0.00065536
0.00065536
0.00065536
0.00065536
0.00065536
0.00065536
0.00065536
0.00065536
0.00065536
0.00065536
0.00065536
0.00065536
0.00065536
0.00065536
0.00065536
0.00065536
0.00065536
0.00065536
0.00065536
0.00065536
0.00065536
0.00065536
0.00065536
0.00065536
0.00065536
0.00065536
0.00065536
0.00065536
0.00065536
0.00065536
0.00065536
0.00065536
0.00065536
0.00065536
0.00065536
0.00065536
0.00065536
0.00065536
0.00065536
0.00065536
0.00065536
0.00065536
0.00065536
0.00065536
0.00065536
0.00065536
0.00065536
0.00065536
0.00065536
0.00065536
0.00065536
0.00065536
0.00065536
0.00065536
0.00065536
0.00065536
0.00065536
0.00065536
0.00065536
0.00065536
0.00065536
0.00065536
0.00065536
0.00065536
0.00065536
0.00065536
0.00065536
0.00065536
0.00065536
0.00065536
0.00065536
0.00065536
0.00065536
0.00065536
0.00065536
0.00065536
0.00065536
0.00065536
0.00065536
0.00065536
0.00065536
0.00065536
0.00065536
0.00065536
0.00065536
0.00065536
0.00065536
0.00065536
0.00065536
0.00065536
0.00065536
0.00065536
0.00065536
0.00065536
0.00065536
0.00065536
0.00065536
0.00065536
0.00065536
0.00065536
0.00065536
0.00065536
0.00065536
0.00065536
0.00065536
0.00065536
0.00065536
0.00065536
0.00065536
0.00065536
0.00065536
0.00065536
0.00065536
0.00065536
0.00065536
0.00065536
0.00065536
0.00065536
0.00065536
0.00065536
0.00065536
0.00065536
0.00065536
0.00065536
0.00065536
0.00065536
0.00065536
0.00065536
0.00065536
0.00065536
0.00065536
0.00065536
0.00065536
0.00065536
0.00065536
0.00065536
0.00065536
0.00065536
0.00065536
0.00065536
0.00065536
0.00065536
0.00061298
0.00061183
0.00059643
0.00059357
0.00059268
0.00059157
0.00059049
0.00059049
0.00059049
0.00059049
0.00059049
0.00059049
0.00059049
0.00059049
0.00059049
0.00058024
0.00057154
0.00056731
0.00054756
0.0005363
0.00052552
0.00051961
0.0005
0.0005
0.0005
0.0005
0.0005
0.0005
0.0005
0.0005
0.0005
0.0005
0.0005
0.0005
0.0005
0.0005
0.0005
0.0005
0.0005
0.0005
0.0005
0.0005
0.0005
0.0005
0.0005
0.0005
0.0005
0.0005
0.0005
0.0005
0.0005
0.0005
0.0005
0.0005
0.0005
0.0005
0.0005
0.0005
0.0005
0.0005
0.0005
0.0005
0.0005
0.0005
0.0005
0.0005
0.0005
0.0005
0.0005
0.0005
0.0005
0.0005
0.0005
0.0005
0.0005
0.0005
0.0005
0.0005
0.0005
0.0005
0.0005
0.0005
0.0005
0.0005
0.0005
0.0005
0.0005
0.0005
0.0005
0.0005
0.0005
0.0005
0.0005
0.0005
0.0005
0.0005
0.0005
0.0005
0.0005
0.0005
0.0005
0.0005
0.0005
0.0005
0.0005
0.0005
0.0005
0.0005
0.0005
0.0005
0.0005
0.0005
0.0005
0.0005
0.0005
0.0005
0.0005
0.0005
0.0005
0.0005
0.0005
0.0005
0.0005
0.0005
0.0005
0.0005
0.0005
0.0005
0.0005
0.0005
0.0005
0.0005
0.0005
0.0005
0.0005
0.0005
0.0005
0.0005
0.0005
0.0005
0.0005
0.0005
0.0005
0.0005
0.0005
0.0005
0.0005
0.0005
0.0005
0.0005
0.0005
0.0005
0.0005
0.0005
0.0005
0.0005
0.0005
0.0005
0.0005
0.0005
0.0005
0.0005
0.0005
0.0005
0.0005
0.0005
0.0005
0.0005
0.0005
0.0005
0.0005
0.0005
0.0005
0.0005
0.0005
0.0005
0.0005
0.0005
0.0005
0.0005
0.0005
0.0005
0.0005
0.0005
0.0005
0.0005
0.0005
0.0005
0.0005
0.0005
0.0005
0.0005
0.0005
0.0005
0.0005
0.0005
0.0005
0.0005
0.0005
0.0005
0.0005
0.0005
0.0005
0.0005
0.0005
0.0005
0.0005
0.0005
0.0005
0.0005
0.0005
0.0005
0.0005
0.0005
0.0005
0.0005
0.0005
0.0005
0.0005
0.0005
0.0005
0.0005
0.0005
0.0005
0.0005
0.0005
0.0005
0.0005
0.0005
0.0005
0.0005
0.0005
0.0005
0.0005
0.0005
0.0005
0.0005
0.0005
0.0005
0.0005
0.0005
0.0005
0.0005
0.0005
0.0005
0.0005
0.0005
0.0005
0.0005
0.0005
0.0005
0.0005
0.0005
0.0005
0.0005
0.0005
0.0005
0.0005
0.00049296
0.00046504
0.00046131
0.00045925
0.00044
0.00042285
0.00040585
0.00040021
0.00039366
0.00039366
0.00039366
0.00039366
0.00039366
0.00039366
0.00039366
0.00039366
0.00039366
0.00039366
0.00039366
0.00039366
0.00039366
0.00039366
0.00039366
0.00039366
0.00039366
0.00039366
0.00039366
0.00039366
0.00039366
0.00039366
0.00039366
0.00039366
0.00039366
0.00039366
0.00039366
0.00039366
0.00039366
0.00039366
0.00039366
0.00039366
0.00039366
0.00039366
0.00039366
0.00039366
0.00039366
0.00039366
0.00039366
0.00039366
0.00039366
0.00039366
0.00039366
0.00039366
0.00039366
0.00039366
0.00039366
0.00039366
0.00039366
0.00039366
0.00039366
0.00039366
0.00039366
0.00039366
0.00039366
0.00039366
0.00039366
0.00039366
0.00039366
0.00039366
0.00039366
0.00039366
0.00039366
0.00039366
0.00039366
0.00039366
0.00039366
0.00039366
0.00039366
0.00039366
0.00039366
0.00039366
0.00039366
0.00039366
0.00039366
0.00039366
0.00039366
0.00039366
0.00039366
0.00039366
0.00039366
0.00039366
0.00039366
0.00039366
0.00039366
0.00039366
0.00039366
0.00039366
0.00039366
0.00039366
0.00039366
0.00039366
0.00039366
0.00039366
0.00039366
0.00039366
0.00039366
0.00039366
0.00039366
0.00039366
0.00039366
0.00039366
0.00039366
0.00039366
0.00039366
0.00039366
0.00039366
0.00039366
0.00039366
0.00039366
0.00039366
0.00039366
0.00039366
0.00039366
0.00039366
0.00039366
0.00039366
0.00039366
0.00039366
0.00039366
0.00039366
0.00039366
0.00039366
0.00039366
0.00039366
0.00039366
0.00039366
0.00039366
0.00039366
0.00039366
0.00039366
0.00039366
0.00039366
0.00039366
0.00039366
0.00039366
0.00039366
0.00039366
0.00039366
0.00039366
0.00039366
0.00039366
0.00039366
0.00039366
0.00039366
0.00039366
0.00039366
0.00039366
0.00039366
0.00039366
0.00039366
0.00039366
0.00039366
0.00039366
0.00039366
0.00039366
0.00039366
0.00039366
0.00039366
0.00039366
0.00039366
0.00039366
0.00039366
0.00039366
0.00039366
0.00039366
0.00039366
0.00039366
0.00039366
0.00039366
0.00039366
0.00039366
0.00039366
0.00039366
0.00039366
0.00039366
0.00039366
0.00039366
0.00039366
0.00039366
0.00039366
0.00039366
0.00039366
0.00039366
0.00039366
0.00039366
0.00039366
0.00039366
0.00039366
0.00039366
0.00039366
0.00039366
0.00039366
0.00039366
0.00039366
0.00039366
0.00039366
0.00039366
0.00039366
0.00039366
0.00039366
0.00039366
0.00039366
0.00039366
0.00039366
0.00039366
0.00039366
0.00039366
0.00039366
0.00039366
0.00039366
0.00039366
0.00039366
0.00039366
0.00039366
0.00039366
0.00039366
0.00039366
0.00039366
0.00039366
0.00039366
0.00039366
0.00039366
0.00039366
0.00039366
0.00039366
0.00039366
0.00039366
0.00039366
0.00039366
0.00039366
0.00039366
0.00039366
0.00039366
0.00039366
0.00039366
0.00039366
0.00039366
0.00039366
0.00039366
0.00039366
0.00039366
0.00039366
0.00039366
0.00039366
0.00039366
0.00039366
0.00039366
0.00039366
0.00039366
0.00039366
0.00039366
0.00039366
0.00039366
0.00039366
0.00039366
0.00039366
0.00039366
0.00039366
0.00039366
0.00039366
0.00039366
0.00039366
0.00039366
0.00039366
0.00039366
0.00039366
0.00039366
0.00039366
0.00039366
0.00039366
0.00039366
0.00039366
0.00039366
0.00039366
0.00039366
0.00039366
0.00039366
0.00039366
0.00039366
0.00039366
0.00039366
0.00039366
0.00039366
0.00039366
0.00039366
0.00039366
0.00039366
0.00039366
0.00039366
0.00039366
0.00039366
0.00039366
0.00039366
0.00039366
0.00039366
0.00039366
0.00039366
0.00039366
0.00039366
0.00039366
0.00039366
0.00039366
0.00039366
0.00039366
0.00039366
0.00039366
0.00039366
0.00039366
0.00039366
0.00039366
0.00039366
0.00039366
0.00039366
0.00039366
0.00039366
0.00039366
0.00039366
0.00039366
0.00039366
0.00039366
0.00039366
0.00039366
0.00039366
0.00039366
0.00039366
0.00039366
0.00039366
0.00039366
0.00039366
0.00039366
0.00039366
0.00039366
0.00039366
0.00039366
0.00039366
0.00039366
0.00039366
0.00039366
0.00039366
0.00039063
0.00034604
0.00034544
0.00034116
0.00032886
0.00032768
0.00032768
0.00032768
0.00032768
0.00032768
0.00032768
0.00032768
0.00032768
0.00032768
0.00032768
0.00032768
0.00032768
0.00032768
0.00032768
0.00032768
0.00032768
0.00032768
0.00032768
0.00032768
0.00032768
0.00032768
0.00032768
0.00032768
0.00032768
0.00032768
0.00032768
0.00032768
0.00032768
0.00032768
0.00032768
0.00032768
0.00032768
0.00032768
0.00032768
0.00032768
0.00032768
0.00032768
0.00032768
0.00032768
0.00032768
0.00032768
0.00032768
0.00032768
0.00032768
0.00032768
0.00032768
0.00032768
0.00032768
0.00032768
0.00032768
0.00032768
0.00032768
0.00032768
0.00032768
0.00032768
0.00032768
0.00032768
0.00032768
0.00032768
0.00032768
0.00032768
0.00032768
0.00032768
0.00032768
0.00032768
0.00032768
0.00032768
0.00032768
0.00032768
0.00032768
0.00032768
0.00032768
0.00032768
0.00032768
0.00032768
0.00032768
0.00032768
0.00032768
0.00032768
0.00032768
0.00032768
0.00032768
0.00032768
0.00032768
0.00032768
0.00032768
0.00032768
0.00032768
0.00032768
0.00032768
0.00032768
0.00032768
0.00032768
0.00032768
0.00032768
0.00032768
0.00032768
0.00032768
0.00032768
0.00032768
0.00032768
0.00032768
0.00032768
0.00032768
0.00032768
0.00032768
0.00032768
0.00032768
0.00032768
0.00032768
0.00032768
0.00032768
0.00032768
0.00032768
0.00032768
0.00032768
0.00032768
0.00032768
0.00032768
0.00032768
0.00032768
0.00032768
0.00032768
0.00032768
0.00032768
0.00032768
0.00032768
0.00032768
0.00032768
0.00032768
0.00032768
0.00032768
0.00032768
0.00032768
0.00032768
0.00032768
0.00032768
0.00032768
0.00032768
0.00032768
0.00032768
0.00032768
0.00032768
0.00032768
0.00032768
0.00032768
0.00032768
0.00032768
0.00032768
0.00032768
0.00032768
0.00032768
0.00032768
0.00032768
0.00032768
0.00032768
0.00032768
0.00032768
0.00032768
0.00032768
0.00032768
0.00032768
0.00032768
0.00032768
0.00032768
0.00032768
0.00032768
0.00032768
0.00032768
0.00032768
0.00032768
0.00032768
0.00032768
0.00032768
0.00032768
0.00032768
0.00032768
0.00032768
0.00032768
0.00032768
0.00032768
0.00032768
0.00032768
0.00032768
0.00032768
0.00032768
0.00032768
0.00032768
0.00032768
0.00032768
0.00032768
0.00032768
0.00032768
0.00032768
0.00032768
0.00032768
0.00032768
0.00032768
0.00032768
0.00032768
0.00032768
0.00032768
0.00032768
0.00032768
0.00032768
0.00032768
0.00032768
0.00032768
0.00032768
0.00032768
0.00032768
0.00032768
0.00032768
0.00032768
0.00032768
0.00032768
0.00032768
0.00032768
0.00032768
0.00032768
0.00032768
0.00032768
0.00032768
0.00032768
0.00032768
0.00032768
0.00032768
0.00032768
0.00032768
0.00032768
0.00032768
0.00032768
0.00032768
0.00032768
0.00032768
0.00032768
0.00032768
0.00032768
0.00032768
0.00032768
0.00032768
0.00032768
0.00032768
0.00032768
0.00032768
0.00032768
0.00032768
0.00032768
0.00032768
0.00032768
0.00032768
0.00032768
0.00032768
0.00032768
0.00032768
0.00032768
0.00032768
0.00032768
0.00032768
0.00032768
0.00032768
0.00032768
0.00032768
0.00032768
0.00032768
0.00032768
0.00032768
0.00032768
0.00032768
0.00032768
0.00032768
0.00032768
0.00032768
0.00032768
0.00032768
0.00032768
0.00032768
0.00032768
0.00032768
0.00032768
0.00032768
0.00032768
0.00032768
0.00032768
0.00032768
0.00032768
0.00032768
0.00032768
0.00032768
0.00032768
0.00032768
0.00032768
0.00032768
0.00032768
0.00032768
0.00032768
0.00032768
0.00032768
0.00032768
0.00032768
0.00032768
0.00032768
0.00032768
0.00032768
0.00032768
0.00032768
0.00032768
0.00032768
0.00032768
0.00032768
0.00032768
0.00032768
0.00032669
0.00032416
0.00032209
0.00030177
0.0003
0.00029869
0.00029822
0.00029403
0.00027967
0.00026826
0.00022764
0.00020726
0.00020502
0.000202
0.00020195
0.0002
0.0002
0.0002
0.0002
0.0002
0.0002
0.0002
0.0002
0.0002
0.0002
0.0002
0.0002
0.0002
0.0002
0.0002
0.0002
0.0002
0.0002
0.0002
0.0002
0.0002
0.0002
0.0002
0.0002
0.0002
0.0002
0.0002
0.0002
0.0002
0.0002
0.0002
0.0002
0.0002
0.0002
0.0002
0.0002
0.0002
0.0002
0.0002
0.0002
0.0002
0.0002
0.0002
0.0002
0.0002
0.0002
0.0002
0.0002
0.0002
0.0002
0.0002
0.0002
0.0002
0.0002
0.0002
0.0002
0.0002
0.0002
0.0002
0.0002
0.0002
0.0002
0.0002
0.0002
0.0002
0.0002
0.0002
0.0002
0.0002
0.0002
0.0002
0.0002
0.0002
0.0002
0.0002
0.0002
0.0002
0.0002
0.0002
0.0002
0.0002
0.0002
0.0002
0.0002
0.0002
0.0002
0.0002
0.0002
0.0002
0.0002
0.0002
0.0002
0.0002
0.0002
0.0002
0.0002
0.0002
0.0002
0.0002
0.0002
0.0002
0.0002
0.0002
0.0002
0.0002
0.0002
0.0002
0.0002
0.0002
0.0002
0.0002
0.0002
0.0002
0.0002
0.0002
0.0002
0.0002
0.0002
0.0002
0.0002
0.0002
0.0002
0.0002
0.0002
0.0002
0.0002
0.0002
0.0002
0.0002
0.0002
0.0002
0.0002
0.0002
0.0002
0.0002
0.0002
0.0002
0.0002
0.0002
0.0002
0.0002
0.0002
0.0002
0.0002
0.0002
0.0002
0.0002
0.0002
0.0002
0.0002
0.0002
0.0002
0.0002
0.0002
0.0002
0.0002
0.0002
0.0002
0.0002
0.0002
0.0002
0.0002
0.0002
0.0002
0.0002
0.0002
0.0002
0.0002
0.0002
0.0002
0.0002
0.0002
0.0002
0.0002
0.0002
0.0002
0.0002
0.0002
0.0002
0.0002
0.0002
0.0002
0.0002
0.0002
0.0002
0.0002
0.0002
0.0002
0.0002
0.0002
0.0002
0.0002
0.0002
0.0002
0.0002
0.0002
0.0002
0.0002
0.0002
0.0002
0.0002
0.0002
0.0002
0.0002
0.0002
0.0002
0.0002
0.0002
0.0002
0.0002
0.0002
0.0002
0.0002
0.0002
0.0002
0.0002
0.0002
0.0002
0.0002
0.0002
0.0002
0.0002
0.0002
0.0002
0.0002
0.0002
0.0002
0.0002
0.0002
0.0002
0.0002
0.0002
0.0002
0.0002
0.0002
0.0002
0.0002
0.0002
0.0002
0.0002
0.0002
0.0002
0.0002
0.0002
0.0002
0.0002
0.0002
0.0002
0.0002
0.0002
0.0002
0.0002
0.0002
0.0002
0.0002
0.0002
0.0002
0.0002
0.0002
0.0002
0.0002
0.0002
0.0002
0.0002
0.0002
0.0002
0.0002
0.0002
0.0002
0.0002
0.0002
0.0002
0.0002
0.0002
0.0002
0.0002
0.0002
0.0002
0.0002
0.0002
0.0002
0.0002
0.0002
0.0002
0.0002
0.0002
0.0002
0.0002
0.0002
0.0002
0.0002
0.0002
0.0002
0.0002
0.0002
0.0002
0.0002
0.0002
0.0002
0.0002
0.0002
0.0002
0.0002
0.0002
0.0002
0.0002
0.0002
0.0002
0.0002
0.0002
0.0002
0.0002
0.0002
0.0002
0.0002
0.0002
0.0002
0.0002
0.0002
0.0002
0.0002
0.0002
0.0002
0.0002
0.0002
0.0002
0.0002
0.0002
0.0002
0.0002
0.0002
0.0002
0.0002
0.0002
0.0002
0.0002
0.0002
0.0002
0.0002
0.0002
0.0002
0.0002
0.0002
0.0002
0.0002
0.0002
0.0002
0.0002
0.0002
0.0002
0.0002
0.0002
0.0002
0.0002
0.0002
0.0002
0.0002
0.0002
0.0002
0.0002
0.0002
0.0002
0.0002
0.0002
0.0002
0.0002
0.0002
0.0002
0.0002
0.0002
0.0002
0.0002
0.0002
0.0002
0.0002
0.0002
0.0002
0.0002
0.0002
0.0002
0.0002
0.0002
0.0002
0.0002
0.0002
0.0002
0.0002
0.0002
0.0002
0.0002
0.0002
0.0002
0.0002
0.0002
0.0002
0.0002
0.0002
0.0002
0.0002
0.0002
0.0002
0.0002
0.0002
0.0002
0.0002
0.0002
0.0002
0.0002
0.0002
0.0002
0.0002
0.0002
0.0002
0.0002
0.0002
0.0002
0.0002
0.0002
0.0002
0.0002
0.0002
0.0002
0.0002
0.0002
0.0002
0.0002
0.0002
0.0002
0.0002
0.0002
0.0002
0.0002
0.0002
0.0002
0.0002
0.0002
0.0002
0.0002
0.0002
0.0002
0.0002
0.0002
0.0002
0.0002
0.0002
0.0002
0.0002
0.0002
0.0002
0.0002
0.0002
0.0002
0.0002
0.0002
0.0002
0.0002
0.0002
0.0002
0.0002
0.0002
0.0002
0.0002
0.0002
0.0002
0.0002
0.0002
0.0002
0.0002
0.0002
0.0002
0.0002
0.0002
0.0002
0.0002
0.0002
0.0002
0.0002
0.0002
0.0002
0.0002
0.0002
0.0002
0.0002
0.0002
0.0002
0.0002
0.0002
0.0002
0.0002
0.0002
0.0002
0.0002
0.0002
0.0002
0.0002
0.0002
0.0002
0.0002
0.0002
0.0002
0.0002
0.0002
0.0002
0.0002
0.0002
0.0002
0.0002
0.0002
0.0002
0.0002
0.0002
0.0002
0.0002
0.0002
0.0002
0.0002
0.0002
0.0002
0.0002
0.0002
0.0002
0.0002
0.0002
0.0002
0.0002
0.0002
0.0002
0.0002
0.0002
0.0002
0.0002
0.0002
0.0002
0.0002
0.0002
0.0002
0.0002
0.0002
0.0002
0.0002
0.0002
0.0002
0.0002
0.0002
0.0002
0.0002
0.0002
0.0002
0.0002
0.0002
0.0002
0.0002
0.0002
0.0002
0.0002
0.0002
0.0002
0.0002
0.0002
0.0002
0.0002
0.0002
0.0002
0.0002
0.0002
0.0002
0.0002
0.0002
0.0002
0.0002
0.0002
0.0002
0.0002
0.0002
0.0002
0.0002
0.0002
0.0002
0.0002
0.0002
0.0002
0.0002
0.0002
0.0002
0.0002
0.0002
0.0002
0.0002
0.0002
0.0002
0.0002
0.0002
0.0002
0.0002
0.0002
0.0002
0.0002
0.0002
0.0002
0.0002
0.0002
0.0002
0.0002
0.0002
0.0002
0.0002
0.0002
0.0002
0.0002
0.0002
0.0002
0.0002
0.0002
0.0002
0.0002
0.0002
0.0002
0.0002
0.0002
0.0002
0.0002
0.0002
0.0002
0.0002
0.0002
0.0002
0.0002
0.0002
0.0002
0.0002
0.0002
0.0002
0.0002
0.0002
0.0002
0.0002
0.0002
0.0002
0.0002
0.0002
0.0002
0.0002
0.0002
0.0002
0.0002
0.0002
0.0002
0.0002
0.0002
0.0002
0.0002
0.0002
0.0002
0.00019797
0.00019683
0.00019683
0.00019683
0.00019683
0.00019683
0.00019683
0.00019683
0.00019683
0.00019683
0.00019683
0.00019683
0.00019683
0.00019683
0.00019683
0.00019683
0.00019683
0.00019683
0.00019683
0.00019683
0.00018764
0.00018702
0.00017822
0.00016384
0.00016384
0.00016384
0.00016384
0.00016384
0.00016384
0.00016384
0.00016384
0.00016384
0.00016384
0.00016384
0.00016384
0.00016384
0.00016384
0.00016384
0.00016384
0.00016384
0.00016384
0.00016384
0.00016384
0.00016384
0.00016384
0.00016384
0.00016384
0.00016384
0.00016384
0.00016384
0.00016384
0.00016384
0.00016384
0.00016384
0.00016384
0.00016384
0.00016384
0.00016384
0.00016384
0.00016384
0.00016384
0.00016384
0.00016384
0.00016384
0.00016384
0.00016384
0.00016384
0.00016384
0.00016384
0.00016384
0.00016384
0.00016384
0.00016384
0.00016384
0.00016384
0.00016384
0.00016384
0.00016384
0.00016384
0.00016384
0.00016384
0.00016384
0.00016384
0.00016384
0.00016384
0.00016384
0.00016384
0.00016384
0.00016384
0.00016384
0.00016384
0.00016384
0.00016384
0.00016384
0.00016384
0.00016384
0.00016384
0.00016384
0.00016384
0.00016384
0.00016384
0.00016384
0.00016384
0.00016384
0.00016384
0.00016384
0.00016384
0.00016384
0.00016384
0.00016384
0.00016384
0.00016384
0.00016384
0.00016384
0.00016384
0.00016384
0.00016384
0.00016384
0.00016384
0.00016384
0.00016384
0.00016384
0.00016384
0.00016384
0.00016384
0.00016384
0.00016384
0.00016384
0.00016384
0.00016384
0.00016384
0.00016384
0.00016384
0.00016384
0.00016384
0.00016384
0.00016384
0.00016384
0.00016384
0.00016384
0.00016384
0.00016384
0.00016384
0.00016384
0.00016384
0.00016384
0.00016384
0.00016384
0.00016384
0.00016384
0.00016384
0.00016384
0.00016384
0.00016384
0.00016384
0.00016384
0.00016384
0.00016384
0.00016384
0.00016384
0.00016384
0.00016384
0.00016384
0.00016384
0.00016384
0.00016384
0.00016384
0.00016384
0.00016384
0.00016384
0.00016384
0.00016384
0.00016384
0.00016384
0.00016384
0.00016384
0.00016384
0.00016384
0.00016384
0.00016384
0.00016384
0.00016384
0.00016384
0.00016384
0.00016384
0.00016384
0.00016384
0.00016384
0.00016384
0.00016384
0.00016384
0.00016384
0.00016384
0.00016384
0.00016384
0.00016384
0.00016384
0.00016384
0.00016384
0.00016384
0.00016384
0.00016384
0.00016384
0.00016384
0.00016384
0.00016384
0.00016384
0.00016384
0.00016384
0.00016384
0.00016384
0.00016384
0.00016384
0.00016384
0.00016384
0.00016384
0.00016384
0.00016384
0.00016384
0.00016384
0.00016384
0.00016384
0.00016384
0.00016384
0.00016384
0.00016384
0.00016384
0.00016384
0.00016384
0.00016384
0.00016384
0.00016384
0.00016384
0.00016384
0.00016384
0.00016384
0.00016384
0.00016384
0.00016384
0.00016384
0.00016384
0.00016384
0.00016384
0.00016384
0.00016384
0.00016384
0.00016384
0.00016384
0.00016384
0.00016384
0.00016384
0.00016384
0.00016384
0.00016384
0.00016384
0.00016384
0.00016384
0.00016384
0.00016384
0.00016384
0.00016384
0.00016384
0.00016384
0.00016384
0.00016384
0.00016384
0.00016384
0.00016384
0.00016384
0.00016384
0.00016384
0.00016384
0.00016384
0.00016384
0.00016384
0.00016384
0.00016384
0.00016384
0.00016384
0.00016384
0.00016384
0.00016384
0.00016384
0.00016384
0.00016384
0.00016384
0.00016384
0.00016384
0.00016384
0.00016384
0.00016384
0.00016384
0.00016384
0.00016384
0.00016384
0.00016384
0.00016384
0.00016384
0.00016384
0.00016384
0.00016384
0.00016384
0.00016384
0.00016384
0.00016384
0.00016384
0.00016384
0.00016384
0.00016384
0.00016384
0.00016384
0.00016384
0.00016384
0.00016384
0.00016384
0.00016384
0.00016384
0.00016384
0.00016384
0.00016384
0.00016384
0.00016384
0.00016384
0.00016384
0.00016384
0.00016384
0.00016384
0.00016384
0.00016384
0.00016384
0.00016384
0.00016384
0.00016384
0.00016384
0.00016384
0.00014041
0.00013849
0.00013122
0.00013122
0.00013122
0.00013122
0.00013122
0.00013122
0.00013122
0.00013122
0.00013122
0.00013122
0.00013122
0.00013122
0.00013122
0.00013122
0.00013122
0.00013122
0.00013122
0.00013122
0.00013122
0.00013122
0.00013122
0.00013122
0.00013122
0.00013122
0.00013122
0.00013122
0.00013122
0.00013122
0.00013122
0.00013122
0.00013122
0.00013122
0.00013122
0.00013122
0.00013122
0.00013122
0.00013122
0.00013122
0.00013122
0.00013122
0.00013122
0.00013122
0.00013122
0.00013122
0.00013122
0.00013122
0.00013122
0.00013122
0.00013122
0.00013122
0.00013122
0.00013122
0.00013122
0.00013122
0.00013122
0.00013122
0.00013122
0.00013122
0.00013122
0.00013122
0.00013122
0.00013122
0.00013122
0.00013122
0.00013122
0.00013122
0.00013122
0.00013122
0.00013122
0.00013122
0.00013122
0.00013122
0.00013122
0.00013122
0.00013122
0.00013122
0.00013122
0.00013122
0.00013122
0.00013122
0.00013122
0.00013122
0.00013122
0.00013122
0.00013122
0.00013122
0.00013122
0.00013122
0.00013122
0.00013122
0.00013122
0.00013122
0.00013122
0.00013122
0.00013122
0.00013122
0.00013122
0.00013122
0.00013122
0.00013122
0.00013122
0.00013122
0.00013122
0.00013122
0.00013122
0.00013122
0.00013122
0.00013122
0.00013122
0.00013122
0.00013122
0.00013122
0.00013122
0.00013122
0.00013122
0.00013122
0.00013122
0.00013122
0.00013122
0.00013122
0.00013122
0.00013122
0.00013122
0.00013122
0.00013122
0.00013122
0.00013122
0.00013122
0.00013122
0.00013122
0.00013122
0.00013122
0.00013122
0.00013122
0.00013122
0.00013122
0.00013122
0.00013122
0.00013122
0.00013122
0.00013122
0.00013122
0.00013122
0.00013122
0.00013122
0.00013122
0.00013122
0.00013122
0.00013122
0.00013122
0.00013122
0.00013122
0.00013122
0.00013122
0.00013122
0.00013122
0.00013122
0.00013122
0.00013122
0.00013122
0.00013122
0.00013122
0.00013122
0.00013122
0.00013122
0.00013122
0.00013122
0.00013122
0.00013122
0.00013122
0.00013122
0.00013122
0.00013122
0.00013122
0.00013122
0.00013122
0.00013122
0.00013122
0.00013122
0.00013122
0.00013122
0.00013122
0.00013122
0.00013122
0.00013122
0.00013122
0.00013122
0.00013122
0.00013122
0.00013122
0.00013122
0.00013122
0.00013122
0.00013122
0.00013122
0.00013122
0.00013122
0.00013122
0.00013122
0.00013122
0.00013122
0.00013122
0.00013122
0.00013122
0.00013122
0.00013122
0.00013122
0.00013122
0.00013122
0.00013122
0.00013122
0.00013122
0.00013122
0.00013122
0.00013122
0.00013122
0.00013122
0.00013122
0.00013122
0.00013122
0.00013122
0.00013122
0.00013122
0.00013122
0.00013122
0.00013122
0.00013122
0.00013122
0.00013122
0.00013122
0.00013122
0.00013122
0.00013122
0.00013122
0.00013122
0.00013122
0.00013122
0.00013122
0.00013122
0.00013122
0.00013122
0.00013122
0.00013122
0.00013122
0.00013122
0.00013122
0.00013122
0.00013122
0.00013122
0.00013122
0.00013122
0.00013122
0.00013122
0.00013122
0.00013122
0.00013122
0.00013122
0.00013122
0.00013122
0.00013122
0.00013122
0.00013122
0.00013122
0.00013122
0.00013122
0.00013122
0.00013122
0.00013122
0.00013122
0.00013122
0.00013122
0.00013122
0.00013122
0.00013122
0.00013122
0.00013122
0.00013122
0.00013122
0.00013122
0.00013122
0.00013122
0.00013122
0.00013122
0.00013122
0.00013122
0.00013122
0.00013122
0.00013122
0.00013122
0.00013122
0.00013046
0.00012306
0.00010504
0.00010311
0.0001
0.0001
0.0001
0.0001
0.0001
0.0001
0.0001
0.0001
0.0001
0.0001
0.0001
0.0001
0.0001
0.0001
0.0001
0.0001
0.0001
0.0001
0.0001
0.0001
0.0001
0.0001
0.0001
0.0001
0.0001
0.0001
0.0001
0.0001
0.0001
0.0001
0.0001
0.0001
0.0001
0.0001
0.0001
0.0001
0.0001
0.0001
0.0001
0.0001
0.0001
0.0001
0.0001
0.0001
0.0001
0.0001
0.0001
0.0001
0.0001
0.0001
0.0001
0.0001
0.0001
0.0001
0.0001
0.0001
0.0001
0.0001
0.0001
0.0001
0.0001
0.0001
0.0001
0.0001
0.0001
0.0001
0.0001
0.0001
0.0001
0.0001
0.0001
0.0001
0.0001
0.0001
0.0001
0.0001
0.0001
0.0001
0.0001
0.0001
0.0001
0.0001
0.0001
0.0001
0.0001
0.0001
0.0001
0.0001
0.0001
0.0001
0.0001
0.0001
0.0001
0.0001
0.0001
0.0001
0.0001
0.0001
0.0001
0.0001
0.0001
0.0001
0.0001
0.0001
0.0001
0.0001
0.0001
0.0001
0.0001
0.0001
0.0001
0.0001
0.0001
0.0001
0.0001
0.0001
0.0001
0.0001
0.0001
0.0001
0.0001
0.0001
0.0001
0.0001
0.0001
0.0001
0.0001
0.0001
0.0001
0.0001
0.0001
0.0001
0.0001
0.0001
0.0001
0.0001
0.0001
0.0001
0.0001
0.0001
0.0001
0.0001
0.0001
0.0001
0.0001
0.0001
0.0001
0.0001
0.0001
0.0001
0.0001
0.0001
0.0001
0.0001
0.0001
0.0001
0.0001
0.0001
0.0001
0.0001
0.0001
0.0001
0.0001
0.0001
0.0001
0.0001
0.0001
0.0001
0.0001
0.0001
0.0001
0.0001
0.0001
0.0001
0.0001
0.0001
0.0001
0.0001
0.0001
0.0001
0.0001
0.0001
0.0001
0.0001
0.0001
0.0001
0.0001
0.0001
0.0001
0.0001
0.0001
0.0001
0.0001
0.0001
0.0001
0.0001
0.0001
0.0001
0.0001
0.0001
0.0001
0.0001
0.0001
0.0001
0.0001
0.0001
0.0001
0.0001
0.0001
0.0001
0.0001
0.0001
0.0001
0.0001
0.0001
0.0001
0.0001
0.0001
0.0001
0.0001
0.0001
0.0001
0.0001
0.0001
0.0001
0.0001
0.0001
0.0001
0.0001
0.0001
0.0001
0.0001
0.0001
0.0001
0.0001
0.0001
0.0001
0.0001
0.0001
0.0001
0.0001
0.0001
0.0001
0.0001
0.0001
0.0001
0.0001
0.0001
0.0001
0.0001
0.0001
0.0001
0.0001
0.0001
0.0001
0.0001
0.0001
0.0001
0.0001
0.0001
0.0001
0.0001
0.0001
0.0001
0.0001
0.0001
0.0001
0.0001
0.0001
0.0001
0.0001
0.0001
0.0001
0.0001
0.0001
0.0001
0.0001
0.0001
0.0001
0.0001
0.0001
0.0001
0.0001
0.0001
0.0001
0.0001
0.0001
0.0001
0.0001
0.0001
0.0001
0.0001
0.0001
0.0001
0.0001
0.0001
0.0001
0.0001
0.0001
0.0001
0.0001
0.0001
0.0001
0.0001
0.0001
0.0001
0.0001
0.0001
0.0001
0.0001
0.0001
0.0001
0.0001
0.0001
0.0001
0.0001
0.0001
0.0001
0.0001
0.0001
0.0001
0.0001
0.0001
0.0001
0.0001
0.0001
0.0001
0.0001
0.0001
0.0001
0.0001
0.0001
0.0001
0.0001
0.0001
0.0001
0.0001
0.0001
0.0001
0.0001
0.0001
0.0001
0.0001
0.0001
0.0001
0.0001
0.0001
0.0001
0.0001
0.0001
0.0001
0.0001
0.0001
0.0001
0.0001
0.0001
0.0001
0.0001
0.0001
0.0001
0.0001
0.0001
0.0001
0.0001
0.0001
0.0001
0.0001
0.0001
0.0001
0.0001
0.0001
0.0001
0.0001
0.0001
0.0001
0.0001
0.0001
0.0001
0.0001
0.0001
0.0001
0.0001
0.0001
0.0001
0.0001
0.0001
0.0001
0.0001
0.0001
0.0001
0.0001
0.0001
0.0001
0.0001
0.0001
0.0001
0.0001
0.0001
0.0001
0.0001
0.0001
0.0001
0.0001
0.0001
0.0001
0.0001
0.0001
0.0001
0.0001
0.0001
0.0001
0.0001
0.0001
0.0001
0.0001
0.0001
0.0001
0.0001
0.0001
0.0001
0.0001
0.0001
0.0001
0.0001
0.0001
0.0001
0.0001
0.0001
0.0001
0.0001
0.0001
0.00009631
0.00009179
0.00008297
0.00008192
0.00008192
0.00008192
0.00008192
0.00008192
0.00008192
0.00008192
0.00008192
0.00008192
0.00008192
0.00008192
0.00008192
0.00008192
0.00008192
0.00008192
0.00008192
0.00008192
0.00008192
0.00008192
0.00008192
0.00008192
0.00008192
0.00008192
0.00008192
0.00008192
0.00008192
0.00008192
0.00008192
0.00008192
0.00008192
0.00008192
0.00008192
0.00008192
0.00008192
0.00008192
0.00008192
0.00008192
0.00008192
0.00008192
0.00008192
0.00008192
0.00008192
0.00008192
0.00008192
0.00008192
0.00008192
0.00008192
0.00008192
0.00008192
0.00008192
0.00008192
0.00008192
0.00008192
0.00008192
0.00008192
0.00008192
0.00008192
0.00008192
0.00008192
0.00008192
0.00008192
0.00008192
0.00008192
0.00008192
0.00008192
0.00008192
0.00008192
0.00008192
0.00008192
0.00008192
0.00008192
0.00008192
0.00008192
0.00008192
0.00008192
0.00008192
0.00008192
0.00008192
0.00008192
0.00008192
0.00008192
0.00008192
0.00008192
0.00008192
0.00008192
0.00008192
0.00008192
0.00008192
0.00008192
0.00008192
0.00008192
0.00008192
0.00008192
0.00008192
0.00008192
0.00008192
0.00008192
0.00008192
0.00008192
0.00008192
0.00008192
0.00008192
0.00008192
0.00008192
0.00008192
0.00008192
0.00008192
0.00008192
0.00008192
0.00008192
0.00008192
0.00008192
0.00008192
0.00008192
0.00008192
0.00008192
0.00008192
0.00008192
0.00008192
0.00008192
0.00008192
0.00008192
0.00008192
0.00008192
0.00008192
0.00008192
0.00008192
0.00008192
0.00008192
0.00008192
0.00008192
0.00008192
0.00008192
0.00008192
0.00008192
0.00008192
0.00008192
0.00008192
0.00008192
0.00008192
0.00008192
0.00008192
0.00008192
0.00008192
0.00008192
0.00008192
0.00008192
0.00008192
0.00008192
0.00008192
0.00008192
0.00008192
0.00008192
0.00008192
0.00008192
0.00008192
0.00008192
0.00008192
0.00008192
0.00008192
0.00008192
0.00008192
0.00008192
0.00008192
0.00008192
0.00008192
0.00008192
0.00008192
0.00008192
0.00008192
0.00008192
0.00008192
0.00008192
0.00008192
0.00008192
0.00008192
0.00008192
0.00008192
0.00008192
0.00008192
0.00008192
0.00008192
0.00008192
0.00008192
0.00008192
0.00008192
0.00008192
0.00008192
0.00008192
0.00008192
0.00008192
0.00008192
0.00008192
0.00008192
0.00008192
0.00008192
0.00008192
0.00008192
0.00008192
0.00008192
0.00008192
0.00008192
0.00008192
0.00008192
0.00008192
0.00008192
0.00008192
0.00008192
0.00008192
0.00008192
0.00008192
0.00008192
0.00008192
0.00008192
0.00008192
0.00008192
0.00008192
0.00008192
0.00008192
0.00008192
0.00008192
0.00008192
0.00008192
0.00008192
0.00008192
0.00008192
0.00008192
0.00008192
0.00008192
0.00008192
0.00008192
0.00008192
0.00008192
0.00008192
0.00008192
0.00008192
0.00008192
0.00008192
0.00008192
0.00008192
0.00008192
0.00008192
0.00008192
0.00008192
0.00008192
0.00008192
0.00008192
0.00008192
0.00008192
0.00008192
0.00008192
0.00008192
0.00008192
0.00008192
0.00008192
0.00008192
0.00008192
0.00008192
0.00008192
0.00008192
0.00008192
0.00008192
0.00008192
0.00008192
0.00008192
0.00008192
0.00008192
0.00008192
0.00008192
0.00008192
0.00008192
0.00008192
0.00008192
0.00008192
0.00008192
0.00008192
0.00008192
0.00008192
0.00008192
0.00008192
0.00008192
0.00008192
0.00008192
0.00008192
0.00008192
0.00008192
0.00008192
0.00008192
0.00008192
0.00008192
0.00008192
0.00008192
0.00008192
0.00008192
0.00008192
0.00008192
0.00008192
0.00008192
0.00008192
0.00008192
0.00008192
0.00008192
0.00008192
0.00008192
0.00008192
0.00008192
0.00008192
0.00008192
0.00008192
0.00008192
0.00008192
0.00008192
0.00008192
0.00008192
0.00008192
0.00008192
0.00008192
0.00008192
0.00008192
0.00008192
0.00008192
0.00008192
0.00008192
0.00008192
0.00008192
0.00008192
0.00008192
0.00008192
0.00008192
0.00008192
0.00008192
0.00008192
0.00008192
0.00008192
0.00008192
0.00008192
0.00008192
0.00008192
0.00008192
0.00008192
0.00008192
0.00008192
0.00008192
0.00008192
0.00008192
0.00008192
0.00008192
0.00008192
0.00008192
0.00008192
0.00008192
0.00008192
0.00008192
0.00008192
0.00008192
0.00008192
0.00008192
0.00008192
0.00008192
0.00008192
0.00008192
0.00008192
0.00008192
0.00008192
0.00008192
0.00008192
0.00008192
0.00008012
0.00007761
0.00007727
0.0000717
0.00007124
0.00007018
0.00007001
0.00006828
0.0000663
0.00006561
0.00006561
0.00006561
0.00006561
0.00006561
0.00006561
0.00006561
0.00006561
0.00006561
0.00006561
0.00006561
0.00006561
0.00006561
0.00006561
0.00006561
0.00006561
0.00006561
0.00006561
0.00006561
0.00006561
0.00006561
0.00006561
0.00006561
0.00006561
0.00006561
0.00006561
0.00006561
0.00006561
0.00006561
0.00006561
0.00006561
0.00006561
0.00006561
0.00006561
0.00006561
0.00006561
0.00006561
0.00006561
0.00006561
0.00006561
0.00006561
0.00006561
0.00006561
0.00006561
0.00006561
0.00006561
0.00006561
0.00006561
0.00006561
0.00006561
0.00006561
0.00006561
0.00006561
0.00006561
0.00006561
0.00006561
0.00006561
0.00006561
0.00006561
0.00006561
0.00006561
0.00006561
0.00006561
0.00006561
0.00006561
0.00006561
0.00006561
0.00006561
0.00006561
0.00006561
0.00006561
0.00006561
0.00006561
0.00006561
0.00006561
0.00006561
0.00006561
0.00006561
0.00006561
0.00006561
0.00006561
0.00006561
0.00006561
0.00006561
0.00006561
0.00006561
0.00006561
0.00006561
0.00006561
0.00006561
0.00006561
0.00006561
0.00006561
0.00006561
0.00006561
0.00006561
0.00006561
0.00006561
0.00006561
0.00006561
0.00006561
0.00006561
0.00006561
0.00006561
0.00006561
0.00006561
0.00006561
0.00006561
0.00006561
0.00006561
0.00006561
0.00006561
0.00006561
0.00006561
0.00006561
0.00006561
0.00006561
0.00006561
0.00006561
0.00006561
0.00006561
0.00006561
0.00006561
0.00006561
0.00006561
0.00006561
0.00006561
0.00006561
0.00006561
0.00006561
0.00006561
0.00006561
0.00006561
0.00006561
0.00006561
0.00006561
0.00006561
0.00006561
0.00006561
0.00006561
0.00006561
0.00006561
0.00006561
0.00006561
0.00006561
0.00006561
0.00006561
0.00006561
0.00006561
0.00006561
0.00006561
0.00006561
0.00006561
0.00006561
0.00006561
0.00006561
0.00006561
0.00006561
0.00006561
0.00006561
0.00006561
0.00006561
0.00006561
0.00006561
0.00006561
0.00006561
0.00006561
0.00006561
0.00006561
0.00006561
0.00006561
0.00006561
0.00006561
0.00006561
0.00006561
0.00006561
0.00006561
0.00006561
0.00006561
0.00006561
0.00006561
0.00006561
0.00006561
0.00006561
0.00006561
0.00006561
0.00006561
0.00006561
0.00006561
0.00006561
0.00006561
0.00006561
0.00006561
0.00006561
0.00006561
0.00006561
0.00006561
0.00006561
0.00006561
0.00006561
0.00006561
0.00006561
0.00006561
0.00006561
0.00006561
0.00006561
0.00006561
0.00006561
0.00006561
0.00006561
0.00006561
0.00006561
0.00006561
0.00006561
0.00006561
0.00006561
0.00006561
0.00006561
0.00006561
0.00006561
0.00006561
0.00006561
0.00006561
0.00006561
0.00006561
0.00006561
0.00006561
0.00006561
0.00006561
0.00006561
0.00006561
0.00006561
0.00006561
0.00006561
0.00006561
0.00006561
0.00006561
0.00006561
0.00006561
0.00006561
0.00006561
0.00006561
0.00006561
0.00006561
0.00006561
0.00006561
0.00006561
0.00006561
0.00006561
0.00006561
0.00006561
0.00006561
0.00006561
0.00006561
0.00006561
0.00006561
0.00006561
0.00006561
0.00006561
0.00006561
0.00006561
0.00006561
0.00006561
0.00006561
0.00006561
0.00006561
0.00006561
0.00006561
0.00006561
0.00006561
0.00006561
0.00006561
0.00006561
0.00006561
0.00006561
0.00006561
0.00006561
0.00006561
0.00006561
0.00006561
0.00006561
0.00006561
0.00006561
0.00006561
0.00006561
0.00006561
0.00006561
0.00006561
0.00006561
0.00006561
0.00006561
0.00006561
0.00006561
0.00006561
0.00006561
0.00006561
0.00006561
0.00006561
0.00006561
0.00006561
0.00006561
0.00006561
0.00006561
0.00006561
0.00006561
0.00006561
0.00006561
0.00006561
0.00006561
0.00006561
0.00006561
0.00006561
0.00006561
0.00006561
0.00006561
0.00006561
0.00006561
0.00006561
0.00006561
0.00006561
0.00006561
0.00006561
0.00006561
0.00006561
0.00006561
0.00006561
0.00006561
0.00006561
0.00006561
0.00006561
0.00006561
0.00006561
0.00006561
0.00006561
0.00006561
0.00006561
0.00006561
0.00006561
0.00006561
0.00006561
0.00006561
0.00006561
0.00006561
0.00006561
0.00006561
0.00006561
0.00006561
0.00006561
0.00006561
0.00006561
0.00006561
0.00006561
0.00006561
0.00006561
0.00006561
0.00006561
0.00006561
0.00006561
0.00006561
0.00006561
0.00006561
0.00006561
0.00006561
0.00006561
0.00006561
0.00006561
0.00006561
0.00006561
0.00006561
0.00006561
0.00006561
0.00006561
0.00006561
0.00006561
0.00006561
0.00006561
0.00006561
0.00006561
0.00006561
0.00006561
0.0000571
0.00005437
0.00005
0.00005
0.00005
0.00005
0.00005
0.00005
0.00005
0.00005
0.00005
0.00005
0.00005
0.00005
0.00005
0.00005
0.00005
0.00005
0.00005
0.00005
0.00005
0.00005
0.00005
0.00005
0.00005
0.00005
0.00005
0.00005
0.00005
0.00005
0.00005
0.00005
0.00005
0.00005
0.00005
0.00005
0.00005
0.00005
0.00005
0.00005
0.00005
0.00005
0.00005
0.00005
0.00005
0.00005
0.00005
0.00005
0.00005
0.00005
0.00005
0.00005
0.00005
0.00005
0.00005
0.00005
0.00005
0.00005
0.00005
0.00005
0.00005
0.00005
0.00005
0.00005
0.00005
0.00005
0.00005
0.00005
0.00005
0.00005
0.00005
0.00005
0.00005
0.00005
0.00005
0.00005
0.00005
0.00005
0.00005
0.00005
0.00005
0.00005
0.00005
0.00005
0.00005
0.00005
0.00005
0.00005
0.00005
0.00005
0.00005
0.00005
0.00005
0.00005
0.00005
0.00005
0.00005
0.00005
0.00005
0.00005
0.00005
0.00005
0.00005
0.00005
0.00005
0.00005
0.00005
0.00005
0.00005
0.00005
0.00005
0.00005
0.00005
0.00005
0.00005
0.00005
0.00005
0.00005
0.00005
0.00005
0.00005
0.00005
0.00005
0.00005
0.00005
0.00005
0.00005
0.00005
0.00005
0.00005
0.00005
0.00005
0.00005
0.00005
0.00005
0.00005
0.00005
0.00005
0.00005
0.00005
0.00005
0.00005
0.00005
0.00005
0.00005
0.00005
0.00005
0.00005
0.00005
0.00005
0.00005
0.00005
0.00005
0.00005
0.00005
0.00005
0.00005
0.00005
0.00005
0.00005
0.00005
0.00005
0.00005
0.00005
0.00005
0.00005
0.00005
0.00005
0.00005
0.00005
0.00005
0.00005
0.00005
0.00005
0.00005
0.00005
0.00005
0.00005
0.00005
0.00005
0.00005
0.00005
0.00005
0.00005
0.00005
0.00005
0.00005
0.00005
0.00005
0.00005
0.00005
0.00005
0.00005
0.00005
0.00005
0.00005
0.00005
0.00005
0.00005
0.00005
0.00005
0.00005
0.00005
0.00005
0.00005
0.00005
0.00005
0.00005
0.00005
0.00005
0.00005
0.00005
0.00005
0.00005
0.00005
0.00005
0.00005
0.00005
0.00005
0.00005
0.00005
0.00005
0.00005
0.00005
0.00005
0.00005
0.00005
0.00005
0.00005
0.00005
0.00005
0.00005
0.00005
0.00005
0.00005
0.00005
0.00005
0.00005
0.00005
0.00005
0.00005
0.00005
0.00005
0.00005
0.00005
0.00005
0.00005
0.00005
0.00005
0.00005
0.00005
0.00005
0.00005
0.00005
0.00005
0.00005
0.00005
0.00005
0.00005
0.00005
0.00005
0.00005
0.00005
0.00005
0.00005
0.00005
0.00005
0.00005
0.00005
0.00005
0.00005
0.00005
0.00005
0.00005
0.00005
0.00005
0.00005
0.00005
0.00005
0.00005
0.00005
0.00005
0.00005
0.00005
0.00005
0.00005
0.00005
0.00005
0.00005
0.00005
0.00005
0.00005
0.00005
0.00005
0.00005
0.00005
0.00005
0.00005
0.00005
0.00005
0.00005
0.00005
0.00005
0.00005
0.00005
0.00005
0.00005
0.00005
0.00005
0.00005
0.00005
0.00005
0.00005
0.00005
0.00005
0.00005
0.00005
0.00005
0.00005
0.00005
0.00005
0.00005
0.00005
0.00005
0.00005
0.00005
0.00005
0.00005
0.00005
0.00005
0.00005
0.00005
0.00005
0.00005
0.00005
0.00005
0.00005
0.00005
0.00005
0.00005
0.00005
0.00005
0.00005
0.00005
0.00005
0.00005
0.00005
0.00005
0.00005
0.00005
0.00005
0.00005
0.00005
0.00005
0.00005
0.00005
0.00005
0.00005
0.00005
0.00005
0.00005
0.00005
0.00005
0.00005
0.00005
0.00005
0.00005
0.00005
0.00005
0.00005
0.00005
0.00005
0.00005
0.00005
0.00005
0.00005
0.00005
0.00005
0.00005
0.00005
0.00005
0.00005
0.00005
0.00005
0.00005
0.00005
0.00005
0.00005
0.00005
0.00005
0.00005
0.00005
0.00005
0.00005
0.00005
0.00005
0.00005
0.00005
0.00005
0.00005
0.00005
0.00005
0.00005
0.00005
0.00005
0.00005
0.00005
0.00005
0.00005
0.00005
0.00005
0.00005
0.00005
0.00005
0.00005
0.00005
0.00005
0.00005
0.00005
0.00005
0.00005
0.00005
0.00005
0.00005
0.00005
0.00005
0.00005
0.00005
0.00005
0.00005
0.00005
0.00005
0.00005
0.00005
0.00005